transmission	recovery	sampling	population_size	k
1.486848	0.762364	0.010783	19192.000000	0.657832
2.123782	0.479528	0.007695	15474.000000	2.280129
1.753329	0.477572	0.012651	30256.000000	0.464127
2.131478	0.007125	0.013699	26817.000000	1.105243
1.781835	0.308086	0.011761	29980.000000	1.165509
2.060548	0.080200	0.009310	66638.000000	0.289325
1.487988	0.114507	0.009532	13356.000000	4.197831
2.555607	0.655297	0.012953	20827.000000	1.335474
2.397786	0.196982	0.008671	21082.000000	3.051295
2.003417	0.478472	0.011351	39674.000000	0.603562
1.764255	0.330861	0.018425	20797.000000	1.069468
1.692124	0.366802	0.008015	8296.000000	0.284064
2.049870	0.363642	0.010995	22489.000000	0.304448
1.719084	0.632678	0.006830	17047.000000	4.675261
1.641383	0.520954	0.012531	15640.000000	1.878869
2.999974	0.653716	0.006248	133258.000000	0.447291
1.801307	0.731438	0.010276	16178.000000	1.158770
1.986513	0.492535	0.011884	25640.000000	0.430021
1.498060	0.422499	0.010111	33700.000000	6.474864
1.793266	0.786039	0.007228	21065.000000	1.354278
1.524718	0.278774	0.005532	8428.000000	0.244711
2.484431	0.352952	0.008839	7262.000000	0.278383
1.397729	0.240485	0.009491	28089.000000	0.369541
2.805008	0.004795	0.009646	38702.000000	0.750080
1.966800	0.712098	0.010283	18960.000000	0.417991
2.710265	0.716516	0.010218	32646.000000	0.163584
2.281620	0.047344	0.007492	32471.000000	1.544112
2.369666	0.142339	0.013944	24839.000000	1.474602
1.614233	0.221976	0.006677	38835.000000	1.143063
1.237042	0.341692	0.009230	12817.000000	1.952276
1.514579	0.494253	0.008858	75486.000000	1.767612
1.902599	0.315739	0.025064	14074.000000	1.175828
1.373160	0.501046	0.011135	60139.000000	8.536697
2.877251	0.449262	0.008399	17813.000000	0.512232
3.002867	0.730723	0.007608	13848.000000	1.154178
2.665432	0.495905	0.010968	35010.000000	2.335413
1.678104	0.089165	0.012158	39278.000000	0.813586
1.631923	0.062954	0.009019	53063.000000	0.500804
2.151311	0.084137	0.008783	21578.000000	0.153851
1.554615	0.415214	0.010065	23323.000000	1.044735
1.329379	0.734140	0.012022	14076.000000	0.136910
1.537843	0.612124	0.005425	19280.000000	1.904375
1.901513	0.571833	0.010529	17644.000000	0.453374
2.189538	0.366115	0.008189	19341.000000	0.965691
1.627684	0.314201	0.016147	18855.000000	1.057671
3.215034	0.110898	0.015174	11117.000000	1.818025
2.170843	0.613080	0.008126	25611.000000	0.655877
2.374697	0.011094	0.008769	28472.000000	0.165871
2.056637	0.564927	0.009327	12570.000000	4.975158
2.056707	0.714679	0.008167	16585.000000	1.252742
2.843554	0.310871	0.014185	19385.000000	0.872222
2.074274	0.180407	0.010989	34372.000000	0.217800
2.451627	0.513357	0.008329	21296.000000	4.224100
2.598323	0.774270	0.007971	33629.000000	1.607074
1.987807	0.280508	0.010649	13128.000000	2.283139
1.924372	0.735378	0.015157	26584.000000	1.866659
2.239211	0.427375	0.009345	14881.000000	1.643050
2.032464	0.231023	0.009044	17575.000000	0.485473
2.991654	0.545433	0.012138	45548.000000	0.581732
2.772229	0.124904	0.009607	15377.000000	0.991156
2.497916	0.464159	0.007514	19689.000000	0.657503
4.104662	0.176524	0.009452	18868.000000	1.604490
1.917505	0.588829	0.011101	14145.000000	0.523952
3.047870	0.322256	0.008238	17279.000000	1.609592
1.302236	0.177304	0.009102	18120.000000	0.047921
2.795485	0.250097	0.011164	22586.000000	2.954089
1.241878	0.260779	0.009499	16359.000000	2.356979
2.081404	0.467972	0.013929	15783.000000	2.922637
3.653708	0.600233	0.010527	19916.000000	0.535717
1.838063	0.675177	0.008088	33572.000000	1.807551
1.855481	0.603861	0.010824	31686.000000	1.284508
1.796119	0.231882	0.010800	19464.000000	2.793506
2.505328	0.699882	0.008943	11174.000000	2.321655
1.922470	0.364559	0.011482	11176.000000	0.442169
2.977510	0.199692	0.010853	22655.000000	1.335150
2.327886	0.210194	0.014405	20677.000000	0.418146
2.384002	0.638112	0.008673	35197.000000	0.216130
2.304804	0.415432	0.007963	35188.000000	3.213683
2.164230	0.683676	0.007298	32830.000000	1.758256
2.304384	0.055643	0.009975	11984.000000	0.219072
2.226355	0.050897	0.008964	47677.000000	0.430193
2.335547	0.265431	0.012972	10482.000000	1.859798
2.875246	0.149191	0.011166	12213.000000	2.378721
2.112228	0.200011	0.012761	19571.000000	0.293258
1.937043	0.724367	0.008261	23268.000000	1.686802
2.217637	0.086356	0.010069	18117.000000	0.741282
1.204990	0.161365	0.007135	22835.000000	0.517317
2.022807	0.726112	0.014469	24684.000000	0.268745
1.606027	0.161349	0.008005	17151.000000	0.245584
1.510509	0.494080	0.007126	20272.000000	0.642846
2.377681	0.529257	0.008043	23255.000000	2.073689
1.949606	0.744205	0.013115	20291.000000	0.698180
1.214321	0.196617	0.011577	20432.000000	4.042837
1.224884	0.107464	0.010435	30952.000000	0.735016
2.107960	0.472315	0.009647	20824.000000	0.621837
1.668173	0.228745	0.010725	35092.000000	0.654985
1.621669	0.335443	0.008352	19325.000000	0.212276
2.669574	0.778509	0.007944	10700.000000	0.945010
2.271377	0.476670	0.011278	22481.000000	0.827962
2.505439	0.568078	0.008415	7765.000000	1.411577
2.737061	0.166179	0.010398	34666.000000	0.594914
1.800640	0.394771	0.009207	10108.000000	2.223056
3.017784	0.016816	0.009048	20590.000000	0.324985
1.924017	0.321255	0.014166	27375.000000	0.412822
1.898659	0.259467	0.008047	28027.000000	0.300288
2.689636	0.073834	0.008152	17599.000000	0.254748
1.312052	0.229039	0.010923	32935.000000	0.191408
3.216311	0.721003	0.009559	16860.000000	0.135413
2.133027	0.790533	0.007291	52847.000000	0.461684
1.377664	0.093447	0.012315	42561.000000	1.851524
1.734391	0.069332	0.007691	13952.000000	2.585772
1.966457	0.642705	0.009736	21397.000000	1.496033
1.342532	0.214342	0.011701	33636.000000	0.393782
1.801942	0.103696	0.009925	33595.000000	0.341084
1.775709	0.286894	0.017681	6262.000000	4.521728
1.962043	0.602328	0.013105	7067.000000	3.236099
2.260811	0.367881	0.007928	20572.000000	0.570777
2.226615	0.578791	0.011648	22896.000000	0.988643
1.946918	0.688962	0.007605	11186.000000	0.457465
1.959285	0.162789	0.012751	20997.000000	0.493595
1.919634	0.387944	0.007486	12688.000000	0.391086
1.423771	0.072180	0.009896	44474.000000	1.261504
2.970031	0.055848	0.013100	41230.000000	0.528634
1.781582	0.071016	0.007378	26674.000000	0.449243
1.720768	0.042644	0.006602	13423.000000	1.283931
2.304735	0.415196	0.008481	43256.000000	0.601198
2.375769	0.710799	0.007335	19084.000000	1.304242
1.190935	0.512620	0.010119	39396.000000	0.167519
2.490624	0.082059	0.009158	17067.000000	0.689173
2.146325	0.710516	0.015292	10539.000000	10.795012
1.480398	0.112502	0.011681	23385.000000	0.317060
1.742519	0.756560	0.006736	12156.000000	0.582822
1.727083	0.359627	0.009611	13426.000000	0.330792
2.629383	0.074850	0.007626	28972.000000	0.866015
2.423903	0.203682	0.013496	22409.000000	1.409692
1.523078	0.718228	0.016880	24460.000000	2.283095
1.976341	0.104148	0.015789	30399.000000	0.978309
2.245873	0.098050	0.009114	27750.000000	1.018607
1.193605	0.023707	0.011629	16445.000000	0.103650
1.807407	0.135312	0.011957	30874.000000	0.937400
1.712598	0.228646	0.007416	32007.000000	1.283820
3.038499	0.450389	0.011547	34410.000000	7.846049
1.622636	0.337732	0.010472	26495.000000	1.795601
1.443180	0.696717	0.012749	25850.000000	2.310572
1.128012	0.406228	0.007955	27466.000000	0.991905
2.200660	0.331175	0.009915	29038.000000	0.468177
2.219370	0.248348	0.006843	9731.000000	1.151288
1.723536	0.470631	0.009450	15458.000000	3.839904
2.530188	0.545115	0.008617	10979.000000	3.056236
2.523174	0.421861	0.010611	40262.000000	0.747862
3.308111	0.560843	0.007418	16603.000000	2.253643
1.202500	0.266746	0.006858	14699.000000	0.727420
2.081250	0.778700	0.010889	41816.000000	1.241893
1.701873	0.256718	0.011310	30436.000000	0.159966
1.664669	0.779915	0.008665	19566.000000	1.461638
1.348020	0.191377	0.009694	15972.000000	1.904649
2.105243	0.744383	0.009573	21039.000000	0.516307
2.732394	0.476081	0.012107	10363.000000	2.826803
1.608265	0.671920	0.009057	29743.000000	1.378612
2.628162	0.379816	0.008557	21102.000000	0.728966
2.291386	0.678628	0.008278	14348.000000	3.533112
1.909987	0.267650	0.010660	13124.000000	1.717792
2.997994	0.001590	0.009516	17436.000000	2.381511
2.018826	0.399567	0.012838	17669.000000	1.812305
2.556763	0.109086	0.008953	15814.000000	1.944736
2.353510	0.204193	0.007689	18570.000000	0.281970
1.933991	0.441175	0.008391	16849.000000	0.346356
1.694955	0.140743	0.009375	13417.000000	2.112984
1.122259	0.019653	0.008409	38444.000000	6.848129
1.569484	0.044813	0.012426	8087.000000	0.466450
2.274303	0.265171	0.010262	11606.000000	0.696711
2.178032	0.194330	0.009267	14085.000000	5.785703
2.248008	0.178692	0.011413	27037.000000	14.017145
2.227389	0.662957	0.011171	38956.000000	1.232368
2.594447	0.198441	0.009536	3270.000000	0.907519
1.508136	0.765946	0.010265	11934.000000	0.416521
2.439381	0.627657	0.008587	22869.000000	2.066453
1.832027	0.338250	0.010238	23918.000000	1.019572
1.487880	0.251102	0.008359	8650.000000	2.372633
2.047042	0.274400	0.009250	12094.000000	1.980503
1.697136	0.512605	0.008432	19017.000000	4.541848
2.010396	0.795261	0.010966	23169.000000	0.382992
1.954387	0.544219	0.014708	14708.000000	2.214845
2.096935	0.449108	0.008523	14363.000000	2.303031
2.657023	0.285431	0.007308	15589.000000	0.635289
1.974326	0.742420	0.008960	14670.000000	1.250536
1.867547	0.228804	0.008083	44936.000000	2.270924
1.880946	0.660079	0.012777	32079.000000	1.173073
1.261706	0.445349	0.011172	13837.000000	3.877905
2.461984	0.771317	0.008693	13799.000000	0.358446
1.928518	0.204181	0.011298	21112.000000	3.344279
2.537705	0.640253	0.009719	12641.000000	3.541164
1.821919	0.462406	0.008090	26322.000000	6.746531
3.393397	0.283318	0.010152	21514.000000	5.348290
2.532788	0.426367	0.008847	38025.000000	0.783794
2.070426	0.529100	0.015178	29130.000000	0.766968
2.793918	0.537638	0.008416	24546.000000	0.458682
1.641721	0.655988	0.013503	30767.000000	3.033444
2.238654	0.009124	0.007125	18126.000000	6.049814
2.350006	0.277182	0.013345	8367.000000	0.660968
1.859105	0.107292	0.009253	12146.000000	2.828607
3.038010	0.548604	0.012958	47431.000000	8.086587
2.255973	0.504394	0.013091	29381.000000	0.582462
1.567602	0.778745	0.008196	13268.000000	1.529205
1.735276	0.611918	0.009532	40895.000000	1.273157
1.431363	0.511676	0.007777	18631.000000	0.988502
2.741317	0.231357	0.009948	34177.000000	0.750473
2.341780	0.279693	0.009482	32973.000000	0.065827
1.300301	0.482281	0.018750	30677.000000	1.660260
1.870828	0.272201	0.011360	16832.000000	1.471518
1.916713	0.415590	0.009993	24186.000000	0.432056
2.862073	0.237159	0.008130	48777.000000	1.180793
1.516963	0.091844	0.008494	38406.000000	1.713739
2.230183	0.193943	0.008685	25711.000000	1.250980
1.793420	0.045835	0.014013	16961.000000	1.300568
1.582955	0.214292	0.007894	31363.000000	1.774112
2.607597	0.125471	0.007987	17343.000000	14.055835
1.702583	0.217940	0.007352	13985.000000	1.766992
2.121559	0.551966	0.011448	22624.000000	1.901715
2.831727	0.373135	0.009843	34011.000000	0.505945
1.882605	0.004768	0.006714	22444.000000	0.783052
2.092099	0.556689	0.008864	84698.000000	1.763509
1.595712	0.021513	0.012084	7834.000000	4.240021
4.071768	0.761785	0.010187	15036.000000	0.501925
2.047932	0.753224	0.008594	29319.000000	1.012637
2.351340	0.463433	0.010845	13305.000000	0.393784
2.170032	0.467730	0.006472	27688.000000	2.989850
1.582935	0.358716	0.012232	34904.000000	2.574444
1.710011	0.414845	0.009299	20101.000000	1.102273
2.760498	0.457876	0.007974	26041.000000	0.341355
1.832598	0.694143	0.011033	34201.000000	1.506071
1.989179	0.510221	0.010900	9102.000000	0.724690
1.382762	0.663115	0.008200	15614.000000	2.271599
3.747670	0.065228	0.008496	20193.000000	0.415921
1.611493	0.615407	0.009592	57332.000000	4.549078
1.897382	0.054857	0.011085	32948.000000	0.325474
1.708179	0.726204	0.015026	21474.000000	1.143597
1.036221	0.216187	0.015191	22935.000000	0.573790
1.734969	0.770443	0.009563	33608.000000	1.496432
1.719477	0.409636	0.014645	57844.000000	1.115550
1.489312	0.582003	0.016194	26720.000000	0.324391
2.196754	0.573014	0.008593	31769.000000	2.380891
2.531187	0.224973	0.006954	32686.000000	3.211981
1.645643	0.110163	0.011297	12647.000000	4.115426
1.467858	0.411052	0.008629	14422.000000	0.869806
1.998090	0.051677	0.009956	34051.000000	2.492044
2.614250	0.321881	0.008387	13538.000000	0.579968
1.774381	0.635494	0.012462	19856.000000	0.294782
1.560600	0.794784	0.007524	19701.000000	3.702119
1.574006	0.473791	0.008483	16965.000000	1.446734
2.680774	0.365231	0.011042	51435.000000	0.898335
1.842427	0.512672	0.009401	25114.000000	2.759175
1.930364	0.671374	0.010790	25480.000000	0.465474
2.243374	0.556781	0.010260	10524.000000	1.514852
1.931989	0.246399	0.012294	11293.000000	2.012710
1.843799	0.109266	0.006351	25264.000000	1.985699
2.049474	0.313572	0.009348	28145.000000	0.947474
2.253358	0.434994	0.012359	27004.000000	0.379018
2.404947	0.563747	0.009559	40961.000000	1.352264
2.318155	0.335246	0.011941	13703.000000	2.673811
1.419425	0.778376	0.013815	22105.000000	3.715334
2.652849	0.530197	0.006181	15327.000000	0.491406
1.566000	0.346707	0.008049	17897.000000	0.513727
2.821787	0.280085	0.007876	10182.000000	1.005666
1.660015	0.238314	0.010453	18246.000000	0.605628
1.563545	0.266209	0.010747	13680.000000	0.054876
1.327354	0.657244	0.007711	8380.000000	0.574791
1.750312	0.700641	0.005911	20095.000000	0.837833
1.390155	0.783713	0.009845	15315.000000	0.185284
1.428874	0.631491	0.009472	44162.000000	1.713730
1.718190	0.770721	0.012278	26105.000000	1.088448
3.432435	0.091589	0.010106	21822.000000	0.693847
2.486042	0.111976	0.012586	27139.000000	0.481487
2.605241	0.517322	0.007898	30386.000000	3.040661
2.271619	0.181794	0.012378	13243.000000	0.731012
1.574096	0.012050	0.009989	18265.000000	0.111117
2.163458	0.783655	0.009331	10493.000000	3.736353
1.972608	0.590202	0.008212	15549.000000	1.877399
3.038752	0.014047	0.009369	30089.000000	0.219827
1.230218	0.306154	0.009970	17433.000000	2.193262
2.873878	0.083040	0.012282	23516.000000	2.872356
1.482162	0.150906	0.012329	38841.000000	0.642924
1.540199	0.452440	0.010548	8500.000000	2.807278
2.005361	0.791135	0.011041	38353.000000	2.105180
2.267234	0.316426	0.013211	12119.000000	0.390123
1.677576	0.722373	0.007298	22351.000000	0.238395
2.868544	0.600080	0.017714	8967.000000	1.531288
1.603970	0.581746	0.005869	19399.000000	0.418065
1.841185	0.674072	0.012929	6172.000000	2.363670
1.645664	0.624226	0.008891	20917.000000	0.752238
2.080253	0.419273	0.007638	40485.000000	0.232918
1.125091	0.094228	0.014199	25150.000000	0.418254
1.863244	0.348188	0.010449	29696.000000	0.706758
1.921314	0.144978	0.009565	19350.000000	0.159051
2.165103	0.583047	0.007273	20689.000000	0.304807
1.645922	0.603504	0.007306	8634.000000	0.550205
3.409580	0.024394	0.006040	16335.000000	1.419823
1.782054	0.161683	0.012420	15332.000000	2.862611
2.324018	0.092074	0.009145	12721.000000	6.508674
2.737753	0.534349	0.011688	24419.000000	2.298481
1.252666	0.717485	0.009476	14543.000000	0.284343
1.767510	0.559891	0.009950	22662.000000	0.525994
1.767276	0.111023	0.008759	15419.000000	1.160129
4.118437	0.098987	0.011817	16930.000000	0.586772
3.160315	0.710915	0.008424	38351.000000	0.354586
1.281662	0.288602	0.013890	27758.000000	2.171723
2.302369	0.483087	0.010496	21635.000000	0.345516
1.861830	0.615363	0.009724	15419.000000	0.060171
1.626094	0.092171	0.016117	8449.000000	0.464778
2.142226	0.059673	0.007492	19754.000000	0.610664
1.882761	0.480765	0.013133	16414.000000	3.456671
2.425616	0.526166	0.007439	37219.000000	0.922607
3.329737	0.028717	0.012553	16172.000000	1.232971
1.560609	0.703913	0.008668	10434.000000	4.126107
1.691183	0.619852	0.009186	49702.000000	0.959746
2.255228	0.009918	0.006892	31778.000000	5.751943
2.130009	0.258970	0.009324	8720.000000	0.428640
2.864770	0.788661	0.008907	32053.000000	3.342378
2.425401	0.068974	0.010246	16567.000000	0.514799
2.350695	0.142178	0.009536	22832.000000	0.407099
1.902170	0.175433	0.010083	41863.000000	3.105002
2.778056	0.008581	0.010280	22961.000000	0.334623
2.573720	0.592144	0.010570	13478.000000	0.936463
1.440018	0.489968	0.011853	44769.000000	0.330871
2.453056	0.519867	0.009022	28307.000000	1.168889
1.984419	0.000414	0.009498	51501.000000	0.240578
2.892784	0.609634	0.013644	27037.000000	0.354690
2.647124	0.644292	0.015596	56242.000000	1.480249
1.636543	0.281934	0.011308	24502.000000	2.927303
2.694931	0.130115	0.006792	33855.000000	3.170094
3.629693	0.791073	0.011611	10908.000000	3.159677
1.949302	0.467249	0.010617	44361.000000	0.468785
1.883824	0.458597	0.010490	29500.000000	1.625031
2.052884	0.410227	0.011473	15862.000000	0.667703
2.042131	0.509778	0.014810	20311.000000	0.688462
1.808795	0.507162	0.009299	23183.000000	0.555130
2.315868	0.067102	0.010432	21862.000000	3.569296
2.585285	0.316225	0.011203	11243.000000	0.272893
1.867386	0.025200	0.008830	15722.000000	0.553449
1.777733	0.128358	0.009463	12453.000000	0.306840
3.799191	0.078163	0.010166	10031.000000	7.194206
1.430312	0.014927	0.008120	40689.000000	3.415555
1.554704	0.146615	0.012645	65993.000000	2.568784
1.928609	0.482487	0.012158	61228.000000	0.348911
1.493022	0.249804	0.011038	9699.000000	0.809031
2.428925	0.543756	0.007381	16486.000000	0.956693
1.584145	0.606603	0.014361	15664.000000	1.312787
1.869969	0.358225	0.013215	18870.000000	1.816416
2.103387	0.653063	0.008636	13839.000000	1.560908
1.869358	0.264400	0.012514	17995.000000	0.225818
2.665662	0.105243	0.008128	42527.000000	0.403329
2.430294	0.632312	0.007241	19864.000000	1.384574
1.478171	0.486511	0.016328	32245.000000	2.501623
1.866380	0.065146	0.012703	15364.000000	0.489979
1.464708	0.275782	0.011880	35778.000000	4.409396
1.721117	0.076600	0.011307	29655.000000	0.720668
2.188070	0.184607	0.007050	46460.000000	0.212472
2.655275	0.700992	0.012986	24560.000000	1.076411
2.073192	0.222594	0.009721	13319.000000	2.229302
1.353107	0.100391	0.006043	77171.000000	2.570592
2.520697	0.601052	0.012185	16285.000000	0.185893
1.679708	0.794617	0.008287	33398.000000	1.303912
1.991015	0.548055	0.010797	27533.000000	0.193510
2.482081	0.765471	0.007805	13904.000000	11.807122
1.782022	0.037783	0.014093	8484.000000	2.568925
1.557837	0.345287	0.011988	16485.000000	0.978653
2.402348	0.699985	0.016380	16132.000000	0.438483
1.141129	0.430638	0.008637	28958.000000	0.514480
1.767012	0.585403	0.009812	20499.000000	2.361968
2.013212	0.056917	0.012421	26778.000000	0.199932
1.912790	0.306909	0.007056	29600.000000	2.807849
1.498487	0.502677	0.015303	33801.000000	0.523824
1.922156	0.112880	0.015384	20766.000000	0.493474
2.023186	0.430268	0.009380	20171.000000	8.277814
2.264433	0.433725	0.014042	48024.000000	1.047820
2.074326	0.263781	0.006317	20460.000000	0.339625
2.030559	0.055265	0.010445	53492.000000	0.617767
1.918445	0.582941	0.009565	27144.000000	0.981440
1.270625	0.775309	0.008644	35057.000000	1.457201
1.541572	0.699809	0.008274	18941.000000	0.098855
2.846319	0.424834	0.007391	21911.000000	1.728618
1.509292	0.113525	0.013139	24978.000000	1.318482
2.143633	0.617541	0.013332	41455.000000	4.428320
2.099757	0.239875	0.006533	19971.000000	1.438375
2.072703	0.693311	0.011131	8212.000000	0.110186
2.461350	0.519956	0.006506	44253.000000	0.288836
1.844671	0.695874	0.010253	38043.000000	0.741902
1.522629	0.351171	0.008043	10684.000000	2.896831
2.122537	0.107345	0.014255	16500.000000	0.407719
1.930086	0.773574	0.008614	21831.000000	4.725223
2.107728	0.179094	0.007425	19718.000000	0.655554
2.164752	0.757500	0.009378	24380.000000	0.319668
1.195336	0.098177	0.010709	23535.000000	0.734467
2.362614	0.101549	0.014609	17476.000000	2.210230
1.928863	0.414866	0.012389	14127.000000	0.605615
2.067771	0.671119	0.007948	15512.000000	0.635078
1.820035	0.080334	0.007499	12328.000000	0.292530
2.250655	0.061936	0.011825	13118.000000	0.359791
1.730584	0.295779	0.009984	15175.000000	2.202246
2.213090	0.761550	0.009312	15812.000000	4.455522
1.845843	0.009778	0.008153	9419.000000	0.647894
1.443389	0.009602	0.010611	14401.000000	0.240919
1.995627	0.678489	0.006208	10287.000000	1.883780
2.152956	0.047699	0.007631	22068.000000	1.001305
2.284371	0.122719	0.009841	13810.000000	2.162000
1.522972	0.358020	0.012988	64173.000000	0.265721
1.837132	0.525301	0.009623	24912.000000	1.319257
2.080573	0.764907	0.009910	13759.000000	0.273954
1.626382	0.353782	0.009094	10004.000000	0.401650
3.195807	0.086899	0.012168	7636.000000	1.194517
1.996885	0.223458	0.015103	11835.000000	3.136373
1.470137	0.671152	0.011242	13692.000000	0.873954
1.951617	0.235677	0.010834	15204.000000	1.406161
2.315482	0.571441	0.012930	30016.000000	0.336836
2.040893	0.797057	0.013040	24034.000000	0.714944
1.876392	0.126772	0.006710	31446.000000	3.397567
1.911078	0.163142	0.010770	31100.000000	3.951810
3.239602	0.319387	0.011677	21519.000000	0.185363
3.013060	0.702592	0.007849	32791.000000	2.699540
2.005606	0.714615	0.006436	19337.000000	1.428643
2.727198	0.580186	0.008479	12980.000000	0.687629
1.964932	0.608631	0.010993	45216.000000	0.360407
2.673667	0.373644	0.009800	41663.000000	1.293193
2.091343	0.533105	0.008962	37998.000000	0.609332
2.286327	0.479955	0.010017	44824.000000	1.393142
1.498952	0.313362	0.008615	20905.000000	3.799118
2.324688	0.377239	0.015441	13250.000000	0.353802
2.513809	0.640815	0.012498	14750.000000	1.793030
1.742096	0.112939	0.011918	25308.000000	2.552060
3.093619	0.011131	0.014131	24670.000000	0.541111
2.270111	0.313469	0.009052	22317.000000	3.315241
1.853670	0.289769	0.008822	25804.000000	1.368284
1.606254	0.745757	0.009177	24873.000000	0.085379
2.340460	0.413839	0.011093	24076.000000	0.821680
2.471864	0.125920	0.010847	11919.000000	0.614451
1.461371	0.165337	0.009558	34493.000000	0.481160
2.882754	0.743019	0.010460	9179.000000	0.560023
2.198151	0.748395	0.014184	25242.000000	0.313460
2.112357	0.173807	0.012823	19007.000000	0.775407
2.641228	0.542614	0.008670	8431.000000	2.232446
1.810903	0.580565	0.009562	20978.000000	0.953884
1.817211	0.347774	0.008433	20078.000000	0.446775
1.993178	0.064124	0.008967	25537.000000	1.881997
1.856661	0.356444	0.011509	6200.000000	0.301893
2.573126	0.281940	0.012837	15777.000000	0.390991
1.513804	0.299012	0.008931	28074.000000	0.791269
3.296640	0.018897	0.006039	39758.000000	0.124305
2.387417	0.140793	0.008685	34949.000000	1.449951
1.411968	0.038702	0.005537	19347.000000	0.628886
2.133944	0.306535	0.008709	25328.000000	1.215010
2.615878	0.215465	0.012606	68682.000000	3.678192
2.110015	0.052934	0.010669	11117.000000	0.505012
2.066424	0.200829	0.010136	45732.000000	0.983588
1.925300	0.150420	0.009262	62976.000000	0.491387
3.152324	0.105173	0.007725	20942.000000	0.857605
1.446979	0.419961	0.005838	15544.000000	2.109786
2.362554	0.071393	0.008881	12209.000000	0.640569
1.906154	0.764170	0.009941	19318.000000	0.263802
2.612994	0.523886	0.010326	34130.000000	0.438238
3.608579	0.410044	0.010623	37047.000000	1.617637
1.658114	0.669289	0.015238	23864.000000	3.046040
2.212305	0.005371	0.012398	39224.000000	1.212289
1.498491	0.681794	0.009150	62710.000000	0.689138
1.580327	0.267758	0.014399	33719.000000	3.235473
2.038778	0.250579	0.013165	47229.000000	1.308703
1.629959	0.335182	0.010531	11392.000000	0.131292
1.572081	0.273685	0.018311	19735.000000	0.689846
1.815015	0.648737	0.009845	4385.000000	0.518219
1.784670	0.749094	0.011645	10633.000000	1.808799
2.652028	0.137791	0.011919	12762.000000	1.938451
3.062028	0.365542	0.009837	41317.000000	0.416615
1.834482	0.278137	0.012818	21083.000000	0.708629
1.514418	0.320024	0.011896	33806.000000	0.602939
2.468354	0.650494	0.010474	16606.000000	0.325600
1.253965	0.046921	0.011512	23629.000000	1.034210
1.820339	0.674576	0.012923	47208.000000	0.556219
1.200451	0.286000	0.005788	24517.000000	1.403514
1.396722	0.130431	0.012050	31219.000000	2.329541
2.357647	0.237943	0.010562	43155.000000	0.884522
2.384820	0.020461	0.012483	15352.000000	0.151399
1.497098	0.271854	0.009388	21001.000000	0.438893
2.047768	0.285936	0.009789	93798.000000	0.924226
1.615511	0.496342	0.011611	49466.000000	0.849384
1.959733	0.725846	0.011677	43656.000000	2.297448
2.379724	0.288791	0.008546	6560.000000	0.760306
2.049570	0.245472	0.017624	15905.000000	0.376870
2.029703	0.608199	0.011961	21874.000000	1.833970
1.934321	0.673834	0.006657	33883.000000	2.785605
1.915304	0.121732	0.007661	37066.000000	0.495625
2.119142	0.649262	0.010189	49098.000000	1.897486
2.032546	0.787475	0.008306	22672.000000	5.663798
1.917182	0.568185	0.010333	32546.000000	0.559273
1.544301	0.416283	0.006729	30915.000000	0.283940
2.432199	0.710113	0.013792	30869.000000	0.980771
1.904804	0.128471	0.009246	21650.000000	3.210834
1.773337	0.668338	0.007678	27336.000000	0.554331
2.434135	0.230278	0.006499	19352.000000	3.263186
2.008645	0.255228	0.011433	21830.000000	0.634041
2.132092	0.535052	0.010720	24687.000000	1.129141
3.866697	0.524059	0.008751	40360.000000	2.051237
2.188259	0.627840	0.010322	14570.000000	0.769505
1.592969	0.568802	0.009865	19728.000000	0.244224
1.777854	0.624340	0.013451	26895.000000	1.154573
1.588217	0.004439	0.007115	10485.000000	1.012802
1.750770	0.733313	0.011437	44564.000000	0.427921
1.469611	0.798249	0.008788	16541.000000	1.032644
1.368065	0.039949	0.010233	17118.000000	1.215849
2.334948	0.734863	0.012790	19016.000000	3.380904
1.721866	0.314394	0.008235	11073.000000	0.841402
1.988260	0.627350	0.007050	30044.000000	0.188280
2.063142	0.296563	0.009547	14431.000000	0.682140
2.497295	0.732618	0.014208	17011.000000	3.748486
2.315120	0.500989	0.011349	15963.000000	0.556935
2.411249	0.750449	0.008682	29755.000000	1.700117
1.254579	0.388456	0.011401	11928.000000	1.638388
1.897554	0.575727	0.011825	45797.000000	4.758647
2.464317	0.695212	0.014103	12700.000000	0.593535
2.679105	0.419003	0.011791	44680.000000	0.712815
2.195332	0.342133	0.010870	28455.000000	1.267912
1.967433	0.182497	0.011111	43352.000000	1.002227
1.662443	0.743982	0.007998	35512.000000	1.661033
1.864671	0.365754	0.006795	28656.000000	1.205221
1.803646	0.682899	0.006597	51349.000000	0.606250
1.416166	0.690719	0.008271	16716.000000	0.409528
1.878733	0.374867	0.008000	10270.000000	0.880740
1.847645	0.303191	0.010813	20372.000000	4.148666
1.888815	0.004215	0.016401	33917.000000	1.602097
2.445320	0.045573	0.010164	20669.000000	0.515932
1.685111	0.579887	0.006819	40508.000000	2.628742
2.972504	0.277150	0.009597	24801.000000	0.591612
1.919899	0.460323	0.008378	38335.000000	1.103339
1.478360	0.358582	0.005652	32493.000000	0.400783
1.637882	0.683517	0.008957	30479.000000	0.385545
2.338158	0.620145	0.021409	16040.000000	0.305107
2.321699	0.248531	0.009243	16360.000000	0.642278
1.849854	0.734926	0.012188	28551.000000	4.282803
1.349508	0.601921	0.012129	9065.000000	0.545959
1.540633	0.742569	0.009389	20371.000000	0.497642
1.730320	0.590215	0.013056	33087.000000	1.271050
2.230060	0.742294	0.007257	12282.000000	2.728976
2.121842	0.325704	0.017152	34074.000000	0.797447
1.859595	0.751284	0.006922	16464.000000	7.730955
1.569691	0.748056	0.015661	55821.000000	0.507132
1.578290	0.637560	0.010185	20382.000000	1.862216
1.624478	0.288132	0.007404	18463.000000	0.060735
1.865492	0.578802	0.006607	8683.000000	3.516225
2.372597	0.555376	0.011895	46633.000000	2.915670
2.121707	0.218177	0.016917	27562.000000	0.508774
2.194221	0.477764	0.010459	40245.000000	2.107865
1.799029	0.323616	0.008859	11310.000000	0.761154
1.789186	0.568990	0.009354	21891.000000	0.642622
1.357850	0.676492	0.008639	20044.000000	1.639763
1.497672	0.471818	0.018434	16644.000000	0.188508
1.326037	0.743419	0.008066	45257.000000	2.607631
2.800860	0.725149	0.009228	76701.000000	0.742874
2.430959	0.414524	0.012618	20473.000000	0.551337
2.219310	0.561830	0.009145	22730.000000	4.378812
1.942112	0.642749	0.017727	27884.000000	0.333351
2.954156	0.786889	0.011117	52832.000000	2.009052
2.546155	0.763846	0.012922	36838.000000	1.547693
1.886823	0.372180	0.008380	37900.000000	0.779259
2.602367	0.136972	0.010270	25166.000000	1.239104
1.989416	0.014298	0.011927	14456.000000	0.264381
1.927632	0.787433	0.013347	45781.000000	5.720521
1.760771	0.220398	0.012289	24906.000000	2.778279
2.067820	0.417289	0.008808	11552.000000	0.886572
1.488155	0.613451	0.009667	33152.000000	0.140775
2.121050	0.149327	0.009605	25321.000000	1.827537
2.332773	0.328521	0.013866	30409.000000	4.353057
1.453830	0.724210	0.011501	12755.000000	1.264479
1.620013	0.283489	0.009541	36580.000000	0.835917
1.657623	0.157626	0.008256	21397.000000	1.174868
2.321707	0.589763	0.011260	25105.000000	1.669255
1.830818	0.627356	0.009329	40221.000000	0.606298
1.838073	0.410187	0.012380	33680.000000	1.241526
1.598737	0.703816	0.009920	12478.000000	0.539798
2.923542	0.245487	0.011915	40282.000000	0.767964
2.775882	0.115702	0.010325	43398.000000	0.926802
1.719226	0.744794	0.008860	32780.000000	0.594770
2.739384	0.343620	0.008006	17315.000000	0.975330
1.870120	0.646397	0.007374	12541.000000	2.123611
1.675553	0.552771	0.007173	37286.000000	2.312233
2.145533	0.559029	0.007265	17395.000000	4.285202
2.388087	0.676427	0.009259	43678.000000	6.564222
2.169616	0.668188	0.012991	13478.000000	0.662678
2.149299	0.184808	0.006282	13786.000000	0.255043
3.374799	0.103493	0.008999	42781.000000	0.862154
2.165704	0.549286	0.005503	17183.000000	0.687239
1.639774	0.723575	0.009321	25278.000000	1.177266
1.406639	0.795247	0.010050	32846.000000	2.032302
2.761725	0.590281	0.011352	9904.000000	0.129317
2.271100	0.518401	0.010137	37643.000000	0.165721
3.639512	0.793224	0.008086	18068.000000	2.691926
1.637077	0.014206	0.014211	19149.000000	0.625732
2.270520	0.745900	0.014014	12724.000000	1.245657
2.021812	0.616558	0.012008	32123.000000	1.405455
1.842103	0.485284	0.009410	23435.000000	0.490805
1.971027	0.149226	0.006059	38787.000000	1.128947
2.793575	0.258529	0.007245	16597.000000	1.828994
1.809164	0.409098	0.014437	16890.000000	0.930099
2.545150	0.079022	0.008252	21631.000000	0.914726
1.929875	0.381241	0.006762	18833.000000	0.107128
2.555327	0.562295	0.015941	22652.000000	2.276721
3.107099	0.277643	0.012422	17425.000000	0.105845
1.500287	0.448644	0.012317	14686.000000	1.106560
2.405199	0.663595	0.016137	28852.000000	0.568546
2.474750	0.505984	0.010281	27286.000000	1.445931
1.388511	0.344399	0.010802	15072.000000	3.146660
1.381372	0.573996	0.010453	51272.000000	0.127509
1.902813	0.753146	0.013562	28047.000000	0.295296
1.267189	0.445557	0.014160	27327.000000	2.076332
1.886312	0.623423	0.013254	20292.000000	2.217177
3.295402	0.671901	0.012843	12511.000000	0.486745
1.460662	0.165818	0.006068	12874.000000	0.231495
2.237504	0.242386	0.015067	33794.000000	0.575910
1.366296	0.211270	0.012974	24743.000000	1.728067
2.068198	0.370658	0.008210	31019.000000	0.104610
1.544953	0.738703	0.006198	18608.000000	0.548543
1.529437	0.107647	0.008715	9735.000000	1.587077
2.120392	0.300269	0.012282	14558.000000	0.682237
1.583078	0.511789	0.011698	43385.000000	2.979952
1.472845	0.636833	0.009627	25725.000000	1.326010
1.539251	0.665928	0.006532	25008.000000	1.747261
1.939351	0.610246	0.010610	36416.000000	2.724570
1.650087	0.319753	0.011772	21682.000000	6.329247
2.756832	0.704149	0.010849	6089.000000	0.651536
1.840116	0.099810	0.012137	33673.000000	1.315030
1.461441	0.023746	0.009075	42850.000000	8.052173
1.659348	0.287286	0.011751	11984.000000	0.517386
2.479317	0.124643	0.008211	15847.000000	2.915478
1.934184	0.183431	0.007312	51550.000000	23.050058
2.771950	0.473960	0.013169	26991.000000	0.838041
2.717942	0.112788	0.007469	20778.000000	2.629445
1.990047	0.119080	0.009900	19993.000000	1.611200
2.828420	0.437974	0.008497	16607.000000	1.958856
1.228723	0.315171	0.013207	8177.000000	6.920200
2.402477	0.309225	0.011831	82681.000000	0.449546
2.977768	0.186698	0.011757	17229.000000	1.820245
3.027674	0.663034	0.015036	19402.000000	1.972193
2.225961	0.536438	0.011864	18570.000000	1.271047
2.232993	0.328238	0.008253	10747.000000	11.529247
1.648253	0.159972	0.011971	48073.000000	0.981010
2.179738	0.210018	0.009661	27023.000000	0.581868
2.137124	0.090535	0.008033	32169.000000	0.110060
1.691136	0.714682	0.006375	36315.000000	0.970754
2.061027	0.027642	0.009513	19255.000000	1.628184
1.791173	0.506997	0.015481	40533.000000	2.026568
2.300761	0.564119	0.008262	17114.000000	1.423119
2.151683	0.423077	0.005846	19576.000000	1.010029
1.815315	0.535008	0.009182	39530.000000	1.580036
2.337496	0.490810	0.009382	25148.000000	1.263837
1.797372	0.428149	0.009176	9771.000000	0.265873
2.242191	0.669091	0.010938	24116.000000	1.902843
1.160347	0.342851	0.011518	49942.000000	0.741658
1.461203	0.609473	0.008748	12655.000000	0.500423
1.711382	0.535545	0.007977	19484.000000	0.648618
1.983878	0.502531	0.013218	12614.000000	2.835568
2.384790	0.309699	0.009216	9547.000000	1.836913
3.160523	0.521292	0.009659	23689.000000	0.393340
1.640394	0.637011	0.007792	17659.000000	1.131203
2.146220	0.509748	0.009002	17705.000000	1.210896
2.329634	0.400822	0.008205	36009.000000	0.425534
2.086578	0.555574	0.016307	6355.000000	0.343423
1.509312	0.371185	0.004788	13207.000000	3.333914
1.885066	0.153572	0.013204	60385.000000	0.582207
1.515687	0.494192	0.007362	12803.000000	3.588302
2.878425	0.607998	0.015438	21664.000000	0.581498
1.499549	0.579561	0.006898	30065.000000	0.876748
2.269942	0.553938	0.011594	13432.000000	0.935674
1.510027	0.182417	0.008431	57736.000000	1.408741
2.334563	0.636756	0.008009	50197.000000	0.298229
1.939020	0.295117	0.010938	13621.000000	0.372414
1.748818	0.648557	0.015601	18479.000000	0.403669
1.551814	0.571593	0.015720	53692.000000	0.328223
1.880734	0.705411	0.011883	25249.000000	0.764623
2.665004	0.771689	0.014886	50302.000000	2.274123
3.025006	0.200893	0.012933	14120.000000	0.629990
2.006741	0.173415	0.008515	17111.000000	0.489540
2.508793	0.552855	0.007949	11880.000000	1.678457
1.674043	0.527716	0.006700	29574.000000	3.540841
2.518667	0.394506	0.009773	92036.000000	1.817926
1.566365	0.289304	0.008687	39936.000000	0.559664
2.186423	0.370692	0.015885	31425.000000	0.806823
2.278065	0.616537	0.008514	7578.000000	0.382405
1.807020	0.718950	0.007573	22079.000000	3.978927
2.585432	0.666891	0.009451	35628.000000	1.062812
1.166249	0.087916	0.010431	41985.000000	0.329506
1.521850	0.398567	0.009784	24034.000000	1.851037
1.779428	0.642124	0.009364	20197.000000	0.307144
2.708923	0.200049	0.004854	14396.000000	1.265271
2.244979	0.391209	0.007286	19261.000000	4.196238
2.123268	0.398023	0.008789	19896.000000	0.533101
1.955650	0.170592	0.009098	19002.000000	1.105831
2.266537	0.324454	0.014200	54763.000000	0.451944
3.456236	0.792047	0.020391	33844.000000	0.404371
1.851735	0.738636	0.006489	29644.000000	3.060147
3.068573	0.415126	0.013792	14522.000000	2.324632
2.310410	0.531874	0.008113	19688.000000	2.784540
2.990808	0.547682	0.015236	21872.000000	0.826935
2.273559	0.612148	0.008580	15712.000000	1.683719
1.902428	0.490195	0.010101	15400.000000	0.305378
2.460084	0.260208	0.011063	28411.000000	1.072794
1.619291	0.579543	0.009400	21810.000000	2.159363
2.171408	0.562023	0.008655	39049.000000	2.351188
1.788060	0.118780	0.009510	20327.000000	0.478666
2.843856	0.470703	0.013677	47810.000000	0.851653
2.447459	0.581785	0.011661	34055.000000	1.462779
2.722344	0.477801	0.013839	12430.000000	2.690602
2.324591	0.467863	0.009754	33083.000000	1.658508
2.273016	0.411597	0.007754	69053.000000	2.702044
2.170271	0.482265	0.014721	31509.000000	0.720109
2.097344	0.796042	0.008138	27302.000000	0.063528
2.519679	0.416827	0.013193	13419.000000	0.559446
1.765708	0.520059	0.016732	28238.000000	0.933105
1.393179	0.388598	0.010563	17717.000000	1.911059
2.822456	0.648397	0.007326	58915.000000	1.339761
1.515522	0.769997	0.011299	25459.000000	3.100617
3.481033	0.366700	0.012864	28486.000000	0.144363
2.951517	0.752005	0.012422	31643.000000	2.146151
1.538777	0.274332	0.011143	15386.000000	1.976413
1.813053	0.221668	0.007679	28958.000000	0.432054
2.544647	0.241054	0.012449	72941.000000	3.230738
1.880984	0.597326	0.009144	38300.000000	1.181595
1.676842	0.620595	0.007868	13659.000000	2.737774
2.798219	0.189655	0.010822	17284.000000	1.604963
1.555310	0.676843	0.013962	11204.000000	0.494865
1.372205	0.792438	0.006838	16781.000000	1.109333
2.713843	0.125136	0.009250	16753.000000	0.135569
2.076594	0.213876	0.013753	27532.000000	0.207823
2.180040	0.534654	0.013643	18004.000000	0.431473
2.651244	0.156308	0.008007	21562.000000	0.666865
1.955051	0.428597	0.013099	25712.000000	1.079240
1.348907	0.311695	0.008213	35312.000000	0.364087
1.565206	0.495770	0.011371	33257.000000	0.136148
1.597709	0.056153	0.009943	42149.000000	3.550220
2.537755	0.455710	0.005745	15206.000000	1.246478
2.541965	0.185911	0.011454	31701.000000	0.456281
2.138179	0.101150	0.006767	20999.000000	0.541282
1.986662	0.796185	0.010076	51941.000000	1.897135
2.371090	0.144833	0.010931	20541.000000	0.567125
3.441469	0.276894	0.009852	14871.000000	1.288489
1.953264	0.229986	0.009215	15039.000000	4.786535
2.182542	0.153766	0.010035	22661.000000	0.291870
2.300440	0.738193	0.009449	28345.000000	0.193472
1.785307	0.505239	0.007378	14282.000000	1.847888
2.234536	0.013824	0.006242	15502.000000	0.275894
1.746632	0.624960	0.015354	17644.000000	0.678919
2.246472	0.532639	0.010310	59382.000000	0.487911
1.579303	0.795521	0.010594	7527.000000	0.670448
2.578891	0.713829	0.009341	17928.000000	0.633327
1.504804	0.035256	0.010125	26469.000000	0.830458
2.241706	0.359882	0.014224	15684.000000	0.133234
2.345273	0.088641	0.007230	14547.000000	0.574727
1.318952	0.527225	0.015832	34571.000000	3.278930
1.851447	0.287286	0.009509	21536.000000	5.218392
2.174322	0.328244	0.010358	10182.000000	1.054768
1.376518	0.023360	0.009928	19848.000000	1.632539
2.051262	0.667356	0.008628	10017.000000	3.211522
1.879369	0.579238	0.012975	21967.000000	2.829529
1.482435	0.351520	0.011589	19363.000000	0.844302
2.007923	0.415602	0.009900	46984.000000	0.285384
1.712854	0.123708	0.009780	26318.000000	2.542044
2.620810	0.294872	0.012582	11633.000000	0.267478
2.378924	0.291426	0.010171	16960.000000	0.732451
1.740890	0.338620	0.008263	16079.000000	0.334410
2.021940	0.556606	0.009817	21621.000000	0.326953
1.838905	0.524513	0.007946	19706.000000	9.505252
1.837539	0.116951	0.012148	7420.000000	0.293014
2.161045	0.758966	0.006070	15086.000000	2.130837
2.955149	0.653524	0.015382	17425.000000	1.165752
1.944460	0.298307	0.011578	18283.000000	4.186427
3.170570	0.592344	0.007240	39307.000000	2.519172
1.816141	0.395802	0.008872	34533.000000	0.642796
1.661630	0.693406	0.006743	11582.000000	0.516579
1.249737	0.314926	0.007698	9615.000000	0.503635
1.980507	0.770209	0.008648	33922.000000	1.655249
2.391244	0.614734	0.015697	42413.000000	0.876702
2.075768	0.732954	0.011333	13974.000000	0.566049
2.451637	0.102091	0.009037	15009.000000	1.477683
1.868285	0.176576	0.008934	43555.000000	6.453953
1.492453	0.672816	0.011193	28283.000000	0.156442
1.807877	0.447606	0.012525	16504.000000	5.695285
1.973541	0.387537	0.011060	41285.000000	1.648925
1.502974	0.208350	0.008053	33104.000000	0.544967
1.770696	0.102329	0.009645	22099.000000	2.603651
1.209088	0.600944	0.014386	24602.000000	2.116484
1.833506	0.755320	0.016773	24587.000000	1.272562
2.084242	0.533002	0.008777	17371.000000	2.052409
1.851223	0.299239	0.010682	25418.000000	0.493028
1.491711	0.536534	0.006702	21779.000000	0.103036
1.712593	0.041707	0.013231	34456.000000	2.074347
1.926913	0.279182	0.007753	12308.000000	0.632239
2.121354	0.109273	0.013012	24575.000000	1.988006
2.368022	0.398939	0.010771	45223.000000	0.120922
1.768765	0.541063	0.008323	8864.000000	1.507949
1.844562	0.257503	0.010925	23922.000000	1.310179
2.035117	0.071529	0.008335	22257.000000	0.636004
2.670894	0.752078	0.009340	24611.000000	1.315721
2.162621	0.125039	0.010928	22553.000000	0.243018
1.850376	0.604581	0.011748	29243.000000	1.025406
1.892411	0.223345	0.013346	36330.000000	0.173630
1.793803	0.075151	0.007771	17811.000000	0.972693
1.417328	0.025526	0.009135	25364.000000	0.489268
1.770974	0.270863	0.013448	18561.000000	2.469791
2.453319	0.376857	0.009229	13270.000000	0.704244
1.326730	0.307384	0.009207	20952.000000	0.618135
2.104741	0.562218	0.013559	13455.000000	0.880713
2.456330	0.078273	0.006202	49940.000000	0.388244
1.744600	0.475055	0.008211	7363.000000	5.245390
1.826901	0.711778	0.011337	32752.000000	0.466662
1.512378	0.562804	0.007704	26234.000000	0.303581
2.620645	0.367228	0.011058	14838.000000	0.404547
1.992330	0.427958	0.013947	17903.000000	0.575516
1.714444	0.693758	0.008866	65525.000000	1.403924
2.347593	0.583411	0.010120	46218.000000	0.593416
1.395021	0.710284	0.013654	11356.000000	2.861144
1.705073	0.730377	0.008651	18432.000000	0.505926
1.634807	0.490407	0.018598	60016.000000	0.404607
1.565742	0.091047	0.007715	30815.000000	0.202252
1.881465	0.181220	0.009287	14767.000000	0.831679
2.232517	0.613694	0.011967	27894.000000	1.149280
3.568474	0.215380	0.008638	38706.000000	0.166005
2.107388	0.730539	0.007219	31137.000000	0.756139
1.615605	0.429086	0.010191	10709.000000	2.630668
2.354043	0.742269	0.010569	41980.000000	0.276202
2.747342	0.331562	0.012364	11692.000000	0.339103
2.401031	0.562085	0.012302	55143.000000	0.562621
2.041038	0.535262	0.008232	18250.000000	0.747619
2.073370	0.303789	0.006595	24929.000000	2.893147
2.397405	0.568841	0.010040	18788.000000	3.501513
3.637766	0.062751	0.007754	31031.000000	2.528531
2.328478	0.728051	0.011543	5736.000000	0.206366
2.697020	0.778393	0.010554	38034.000000	2.472407
2.227587	0.429487	0.010314	22956.000000	5.480435
2.812801	0.506177	0.007907	26926.000000	1.821337
1.888399	0.701458	0.006269	29087.000000	0.738062
1.668922	0.270231	0.005181	27298.000000	4.913096
1.906049	0.122151	0.007936	20584.000000	0.975837
1.479026	0.144711	0.009127	21327.000000	3.323357
2.209413	0.184389	0.013913	12897.000000	0.289743
2.000732	0.248543	0.010678	22534.000000	0.218905
2.097955	0.742211	0.008297	15894.000000	0.057929
2.136619	0.298358	0.010045	16971.000000	2.775134
2.132736	0.624319	0.012086	29235.000000	1.030065
1.922087	0.010808	0.010345	90229.000000	0.455329
1.632195	0.167912	0.011122	27639.000000	0.701268
1.920981	0.133880	0.007405	23604.000000	0.827822
2.609507	0.207135	0.010186	14768.000000	0.149219
1.689368	0.377484	0.014190	27758.000000	0.677734
1.642267	0.326224	0.014009	20919.000000	0.227691
1.504547	0.365542	0.010779	36704.000000	2.214323
2.141845	0.668175	0.013834	28326.000000	0.151591
1.965315	0.702107	0.009167	18648.000000	0.528488
1.631343	0.064757	0.007328	52404.000000	1.019816
1.843580	0.736595	0.010586	10035.000000	1.547392
2.618241	0.569350	0.013002	61694.000000	1.892577
2.507557	0.652931	0.005784	51869.000000	0.271960
2.110133	0.134607	0.007767	27517.000000	1.773187
2.561214	0.048619	0.011293	13649.000000	0.525975
2.308313	0.105473	0.010824	13932.000000	1.928282
1.632576	0.741447	0.008067	14645.000000	6.484646
1.641169	0.468375	0.008285	26873.000000	0.812578
1.798926	0.008119	0.009464	28744.000000	1.548509
2.116364	0.514446	0.014475	20950.000000	1.084892
2.156862	0.564834	0.008022	18635.000000	2.009195
1.118093	0.425046	0.010312	29519.000000	2.291156
2.158252	0.471402	0.010895	52838.000000	1.676903
1.822846	0.796727	0.010433	20996.000000	1.209558
1.406114	0.597990	0.008700	7248.000000	1.013747
1.745767	0.120106	0.015494	22309.000000	1.830160
1.862888	0.690025	0.011254	22681.000000	2.726425
2.011733	0.426187	0.013239	20262.000000	0.724407
1.705764	0.318388	0.009759	57257.000000	0.303427
1.361041	0.196795	0.015230	24578.000000	1.442512
1.909960	0.228071	0.013401	7888.000000	1.625879
2.120058	0.277631	0.011793	40258.000000	0.320741
2.366259	0.684319	0.009331	33603.000000	0.408307
1.871725	0.017570	0.009751	38652.000000	0.519645
1.740555	0.729898	0.008191	22189.000000	0.527768
2.426261	0.698907	0.008954	28332.000000	0.989729
1.559876	0.199973	0.008822	27915.000000	0.851989
1.924491	0.760853	0.009005	14194.000000	0.778555
2.046828	0.135680	0.005671	16330.000000	1.070480
3.325649	0.235936	0.013137	18972.000000	0.610827
1.852923	0.506058	0.007035	23451.000000	0.082749
1.835280	0.781080	0.007402	21947.000000	0.777118
1.562243	0.786387	0.009153	15270.000000	0.407488
2.129205	0.270569	0.012543	16782.000000	2.959474
1.524671	0.132792	0.007569	47283.000000	1.309789
2.202514	0.356459	0.006668	24699.000000	0.163658
2.019375	0.370968	0.007179	16720.000000	0.626102
1.797907	0.296026	0.010691	6801.000000	0.536637
1.735361	0.075733	0.009738	37904.000000	4.314525
2.355856	0.068078	0.005509	22831.000000	1.204258
1.232224	0.103954	0.007477	23680.000000	1.479257
1.460902	0.646874	0.006495	18694.000000	0.393346
1.819112	0.320175	0.009710	39122.000000	1.171387
3.135399	0.401378	0.008624	43816.000000	0.639668
1.310541	0.384099	0.005518	8053.000000	0.576880
1.820278	0.750464	0.013984	30239.000000	1.799943
1.226853	0.512925	0.010953	9923.000000	6.370821
2.144155	0.017362	0.011681	17854.000000	0.451782
1.843482	0.642014	0.009854	7229.000000	0.469617
2.294969	0.005466	0.009777	12603.000000	0.218718
3.434601	0.368614	0.009340	28087.000000	0.830742
1.873799	0.070836	0.010372	38285.000000	0.388965
1.771821	0.053098	0.011438	11036.000000	0.357770
1.767313	0.564896	0.005213	44163.000000	0.201860
2.843072	0.281925	0.009524	13768.000000	0.431384
1.681315	0.718885	0.011608	35835.000000	1.606986
2.424070	0.722821	0.009108	43221.000000	0.590356
1.878577	0.301435	0.012446	9364.000000	0.560013
1.688656	0.424251	0.013330	20165.000000	0.647161
1.969160	0.623540	0.007881	16598.000000	1.665590
2.254031	0.119064	0.011022	23761.000000	1.768910
1.634717	0.413861	0.007140	19043.000000	0.482112
1.457897	0.713382	0.006683	53422.000000	0.076759
1.537460	0.783487	0.007636	10269.000000	0.727920
2.570227	0.476837	0.012074	16516.000000	1.090694
1.523508	0.656524	0.010043	52739.000000	0.634104
1.552740	0.325203	0.011344	8237.000000	7.359711
2.039129	0.629860	0.012630	13310.000000	1.848394
1.438021	0.539803	0.008813	9551.000000	0.621184
2.808877	0.773678	0.012530	13595.000000	1.079966
1.855467	0.041811	0.012188	25873.000000	3.968225
2.976767	0.496592	0.012791	35148.000000	0.207885
2.054649	0.436883	0.017482	9677.000000	0.548073
1.495990	0.514108	0.010960	9408.000000	0.176874
1.627794	0.156010	0.009180	6021.000000	1.803197
2.152234	0.086831	0.011202	29488.000000	1.187910
1.917014	0.280085	0.008321	15197.000000	0.557277
1.334061	0.792831	0.010354	48688.000000	1.015290
1.986701	0.175966	0.009292	20255.000000	2.313302
1.634005	0.155363	0.006702	49679.000000	1.348790
1.899252	0.439141	0.008098	71388.000000	0.796089
2.084623	0.778535	0.011352	25976.000000	0.799538
3.371651	0.780061	0.008560	47659.000000	2.017131
1.495263	0.619051	0.005495	42404.000000	0.495501
2.318796	0.342688	0.015896	40506.000000	3.743610
1.763467	0.789149	0.009080	15853.000000	0.486184
1.461367	0.457357	0.011919	28500.000000	2.213081
1.923693	0.289801	0.015594	11314.000000	3.179356
1.697226	0.718270	0.011478	14983.000000	0.469034
1.227640	0.569224	0.010873	30445.000000	0.910584
1.531956	0.758479	0.013787	23755.000000	1.125225
1.684124	0.602613	0.007127	48622.000000	2.920619
1.402325	0.016760	0.008800	22431.000000	0.925676
2.088463	0.644921	0.010499	14632.000000	0.584242
2.530759	0.635682	0.005542	27679.000000	0.991047
2.545912	0.148275	0.012454	17594.000000	1.119837
1.425478	0.571434	0.006867	21217.000000	0.351513
1.015772	0.377587	0.011164	17609.000000	1.764453
2.245631	0.545489	0.008579	29914.000000	2.781775
1.652746	0.639308	0.014773	37764.000000	0.660668
2.837119	0.069476	0.013356	64938.000000	0.863651
2.618948	0.612038	0.011392	51529.000000	0.500217
2.375317	0.149415	0.009856	23916.000000	1.836576
2.171932	0.272087	0.009002	38792.000000	0.271165
1.725912	0.613915	0.014544	40359.000000	0.108569
2.403200	0.181758	0.011517	18621.000000	1.454086
2.454526	0.665856	0.010226	26468.000000	0.843537
2.854863	0.008915	0.010365	20967.000000	0.335914
2.016764	0.526055	0.006845	29240.000000	0.750869
2.096569	0.638765	0.009143	16251.000000	0.383344
1.595423	0.227337	0.006341	10384.000000	3.166913
2.218579	0.266832	0.012712	33230.000000	0.983499
2.432740	0.223302	0.012386	23273.000000	0.228157
1.555506	0.611495	0.006591	40999.000000	0.449778
1.979939	0.140351	0.010524	42343.000000	1.699305
1.752122	0.599120	0.013319	13693.000000	2.415940
1.793494	0.778730	0.009256	18214.000000	2.305205
2.710245	0.086843	0.008345	6969.000000	1.089391
1.896821	0.572574	0.008759	35726.000000	0.301211
1.782281	0.014391	0.015225	36548.000000	0.663697
2.180024	0.551953	0.006664	19825.000000	1.692234
1.522115	0.613358	0.011233	13401.000000	1.639211
2.197930	0.674302	0.011083	19671.000000	1.677110
1.450579	0.369531	0.011020	12149.000000	0.744972
2.030126	0.324172	0.008966	24060.000000	0.249871
2.767603	0.144362	0.009086	24530.000000	1.004871
1.708420	0.134238	0.011322	9540.000000	0.486449
1.436721	0.393606	0.009794	31604.000000	1.623982
1.515416	0.747792	0.012017	45172.000000	0.950501
1.511658	0.663752	0.010132	22949.000000	1.963704
2.305077	0.230382	0.012008	18308.000000	0.436065
1.578894	0.286540	0.009951	27823.000000	0.657586
1.909774	0.003363	0.009546	21543.000000	1.076823
2.275889	0.274477	0.010713	17758.000000	1.474657
1.762066	0.433381	0.006561	41204.000000	0.423748
2.263728	0.183586	0.011169	14774.000000	0.534225
1.739044	0.792922	0.018385	19835.000000	1.957211
3.210494	0.537952	0.009930	31734.000000	1.252980
1.966828	0.790547	0.010173	76918.000000	0.690347
3.297560	0.238566	0.009949	43954.000000	1.145299
2.190968	0.660624	0.009450	16035.000000	0.489769
2.786358	0.455005	0.010599	84975.000000	0.681799
1.800413	0.167631	0.007529	10697.000000	1.223243
3.130062	0.426295	0.005472	27828.000000	1.513105
1.346333	0.287585	0.008302	43173.000000	0.393804
1.484443	0.065311	0.008083	22629.000000	0.272619
