transmission	recovery	sampling	population_size	k
2.230273	1.000000	0.010783	12997.000000	0.657832
4.559273	1.000000	0.012164	12074.000000	1.154322
3.981449	1.000000	0.008767	14677.000000	1.886814
2.476170	1.000000	0.010633	13776.000000	0.395106
3.050099	1.000000	0.011461	12757.000000	1.913271
3.500000	1.000000	0.010390	12975.000000	1.666637
4.247548	1.000000	0.009049	15652.000000	0.306392
2.859498	1.000000	0.007787	15421.000000	0.344265
3.387230	1.000000	0.010456	12814.000000	1.517160
3.596678	1.000000	0.008671	13243.000000	3.051295
2.526942	1.000000	0.012190	13648.000000	2.161105
4.463971	1.000000	0.008821	17059.000000	0.891448
3.050796	1.000000	0.009469	14170.000000	0.656872
1.852794	1.000000	0.010552	13492.000000	1.461660
3.031320	1.000000	0.007428	13208.000000	3.723543
3.315457	1.000000	0.010868	15634.000000	0.453649
3.759162	1.000000	0.008427	14229.000000	1.474829
2.716704	1.000000	0.010094	12193.000000	0.757457
2.701960	1.000000	0.010276	12560.000000	1.158770
4.222970	1.000000	0.016609	14449.000000	1.733597
3.485184	1.000000	0.007490	13419.000000	2.340857
4.785518	1.000000	0.010178	12082.000000	1.199910
2.816219	1.000000	0.012789	11986.000000	0.093659
1.855661	1.000000	0.007033	12849.000000	0.309604
5.281797	1.000000	0.009400	12961.000000	0.238546
2.847365	1.000000	0.011293	12094.000000	0.592943
3.113200	1.000000	0.012630	13200.000000	9.425429
2.950199	1.000000	0.010283	12965.000000	0.417991
4.077189	1.000000	0.009744	15567.000000	0.213988
3.019481	1.000000	0.011408	11903.000000	2.173217
3.344190	1.000000	0.006768	13364.000000	1.168419
3.219499	1.000000	0.011101	12262.000000	0.198729
3.983455	1.000000	0.010340	12594.000000	0.900826
2.719276	1.000000	0.015915	15140.000000	0.328887
2.657374	1.000000	0.018512	14143.000000	1.349524
3.210696	1.000000	0.008593	12515.000000	1.867075
2.059741	1.000000	0.011135	16332.000000	8.536697
3.251559	1.000000	0.011017	13071.000000	0.133187
2.344519	1.000000	0.015014	11976.000000	0.395268
3.109492	1.000000	0.014057	12547.000000	16.021388
2.369516	1.000000	0.010186	12454.000000	2.185073
4.006100	1.000000	0.009497	11827.000000	0.027301
4.856249	1.000000	0.012410	13056.000000	1.338729
2.634785	1.000000	0.009898	11079.000000	0.285754
3.311084	1.000000	0.012491	16714.000000	0.609947
1.994068	1.000000	0.012022	12215.000000	0.136910
4.246146	1.000000	0.008925	15033.000000	0.818985
2.376840	1.000000	0.009508	13638.000000	0.641681
2.461701	1.000000	0.011524	13686.000000	0.917776
3.158430	1.000000	0.010933	12303.000000	6.797540
2.775618	1.000000	0.010141	13001.000000	0.803244
1.894781	1.000000	0.010103	11653.000000	1.388014
2.437739	1.000000	0.010783	12808.000000	2.068616
4.163442	1.000000	0.009385	12573.000000	1.473812
3.084956	1.000000	0.009327	11942.000000	4.975158
3.435498	1.000000	0.010184	11749.000000	1.219055
2.555613	1.000000	0.014218	15365.000000	0.774575
2.899199	1.000000	0.009317	11848.000000	0.150684
3.110078	1.000000	0.010848	14493.000000	0.481159
2.949867	1.000000	0.014336	13854.000000	0.259360
3.322548	1.000000	0.010694	14307.000000	0.975836
3.194700	1.000000	0.007720	14509.000000	0.681398
1.745314	1.000000	0.010097	13174.000000	0.784041
3.358817	1.000000	0.009345	12352.000000	1.643050
3.065107	1.000000	0.010820	14622.000000	1.485627
2.608497	1.000000	0.014958	14436.000000	4.276034
2.620004	1.000000	0.011254	11393.000000	1.554650
2.785348	1.000000	0.005954	14602.000000	0.318711
2.836330	1.000000	0.009005	13633.000000	0.133213
1.986947	1.000000	0.009923	14067.000000	0.844940
3.330342	1.000000	0.008014	12524.000000	1.879816
2.821536	1.000000	0.011457	16339.000000	1.949956
1.953354	1.000000	0.009102	12848.000000	0.047921
2.476725	1.000000	0.009826	13732.000000	0.256974
2.396926	1.000000	0.006209	13088.000000	0.551628
3.717151	1.000000	0.008934	11891.000000	0.786166
2.977867	1.000000	0.013236	17001.000000	1.227865
2.852677	1.000000	0.008555	14293.000000	5.004033
3.437674	1.000000	0.013872	15043.000000	0.740809
3.247248	1.000000	0.011994	13698.000000	1.993228
2.893598	1.000000	0.009322	12635.000000	0.436507
3.757992	1.000000	0.008943	11664.000000	2.321655
3.998904	1.000000	0.010827	12821.000000	0.401984
3.117640	1.000000	0.014888	13804.000000	1.057930
3.224807	1.000000	0.008446	13341.000000	2.828593
2.138501	1.000000	0.009259	14332.000000	0.565783
3.792287	1.000000	0.006818	14521.000000	1.049940
1.969578	1.000000	0.007542	12629.000000	1.371177
2.189467	1.000000	0.012208	14135.000000	2.875845
3.320651	1.000000	0.006540	14258.000000	2.253820
3.339533	1.000000	0.008964	15591.000000	0.430193
2.048987	1.000000	0.007475	12059.000000	2.220817
3.193247	1.000000	0.014376	13962.000000	0.307424
3.725694	1.000000	0.008003	13761.000000	0.463727
3.624729	1.000000	0.009763	13190.000000	0.465715
3.083420	1.000000	0.011396	15235.000000	0.376074
3.282348	1.000000	0.008840	14194.000000	0.131769
2.140620	1.000000	0.010182	12508.000000	0.433640
2.668194	1.000000	0.010373	12876.000000	2.752128
2.409041	1.000000	0.008005	12708.000000	0.245584
2.434420	1.000000	0.009621	13447.000000	0.449851
3.449518	1.000000	0.011888	12245.000000	1.114651
3.600039	1.000000	0.011098	14625.000000	1.666021
4.979094	1.000000	0.009857	10943.000000	1.796543
2.889404	1.000000	0.014180	12472.000000	0.525715
4.406025	1.000000	0.007732	13035.000000	1.234040
2.894151	1.000000	0.009723	12740.000000	1.256786
2.399052	1.000000	0.014100	12647.000000	1.293720
2.432503	1.000000	0.008352	13015.000000	0.212276
2.851068	1.000000	0.006340	12016.000000	0.676366
2.702534	1.000000	0.011357	14018.000000	1.041727
2.861699	1.000000	0.010625	16157.000000	0.437908
4.355310	1.000000	0.011760	15146.000000	1.169102
3.763557	1.000000	0.008782	12315.000000	1.180607
2.869103	1.000000	0.010106	15163.000000	5.183614
2.714269	1.000000	0.009669	11939.000000	0.130927
2.516593	1.000000	0.007395	12771.000000	2.102154
2.847989	1.000000	0.008047	14019.000000	0.300288
2.677031	1.000000	0.009656	15764.000000	0.422746
2.605885	1.000000	0.006560	13840.000000	2.235779
1.984318	1.000000	0.008684	11735.000000	1.735315
2.533879	1.000000	0.010121	13708.000000	0.282661
4.646858	1.000000	0.008243	16752.000000	0.802502
3.744995	1.000000	0.015833	12766.000000	0.565546
2.307382	1.000000	0.007959	14691.000000	0.256256
3.588258	1.000000	0.015582	15312.000000	0.830647
2.013797	1.000000	0.011701	14540.000000	0.393782
2.569828	1.000000	0.008229	13345.000000	1.635933
2.662767	1.000000	0.008879	16780.000000	0.080814
4.374691	1.000000	0.009134	13705.000000	3.809771
3.784641	1.000000	0.008483	14031.000000	0.394969
2.899259	1.000000	0.008692	13226.000000	0.332455
2.275374	1.000000	0.009688	12493.000000	0.897988
2.281390	1.000000	0.007126	12355.000000	2.961621
4.704071	1.000000	0.011723	13586.000000	1.935843
2.879452	1.000000	0.007486	11964.000000	0.391086
2.971794	1.000000	0.009375	13989.000000	2.818380
4.224591	1.000000	0.014850	14883.000000	3.503724
2.558056	1.000000	0.006912	12815.000000	2.991953
3.951661	1.000000	0.011883	12580.000000	0.189953
2.341966	1.000000	0.010645	11369.000000	4.637307
2.944610	1.000000	0.015326	15894.000000	1.991116
2.200528	1.000000	0.009308	13719.000000	3.382403
2.917964	1.000000	0.009156	14713.000000	0.594072
3.735936	1.000000	0.009158	12695.000000	0.689173
2.185528	1.000000	0.004872	14170.000000	1.826248
4.476194	1.000000	0.007402	14216.000000	1.127139
2.251161	1.000000	0.007639	12908.000000	0.540842
2.276217	1.000000	0.010024	12598.000000	0.853087
2.342224	1.000000	0.007584	13191.000000	0.198048
3.114316	1.000000	0.012278	13639.000000	2.157452
4.048736	1.000000	0.010086	13826.000000	0.516813
3.469446	1.000000	0.011913	9890.000000	2.673820
2.964512	1.000000	0.015789	14249.000000	0.978309
2.264225	1.000000	0.008468	14186.000000	0.288396
2.725282	1.000000	0.005968	14191.000000	0.557400
1.702211	1.000000	0.006240	13856.000000	1.870601
3.593417	1.000000	0.009989	12556.000000	0.302548
3.616350	1.000000	0.010645	12625.000000	0.607602
3.100914	1.000000	0.007582	14654.000000	0.433276
3.141525	1.000000	0.010968	14165.000000	0.821718
2.612955	1.000000	0.007584	12641.000000	0.512139
1.692018	1.000000	0.007955	13963.000000	0.991905
3.014672	1.000000	0.007977	13740.000000	1.928977
3.023477	1.000000	0.011097	11479.000000	0.195183
3.107544	1.000000	0.008837	12640.000000	0.163971
4.147388	1.000000	0.012728	14677.000000	0.551467
2.118000	1.000000	0.013222	14005.000000	0.725082
3.578922	1.000000	0.012821	13401.000000	7.485144
2.225437	1.000000	0.008682	14491.000000	1.694576
4.406521	1.000000	0.007255	14611.000000	1.046991
3.121875	1.000000	0.010889	15187.000000	1.241893
4.863862	1.000000	0.009252	12804.000000	1.157231
3.307979	1.000000	0.008323	12615.000000	0.789092
3.298612	1.000000	0.016316	13130.000000	1.335834
3.889735	1.000000	0.009443	13637.000000	0.839917
2.931987	1.000000	0.008477	15490.000000	2.821963
2.231392	1.000000	0.009488	13943.000000	0.418130
2.717134	1.000000	0.011620	13796.000000	2.702153
3.290994	1.000000	0.011052	17665.000000	0.320014
3.437080	1.000000	0.008278	12262.000000	3.533112
3.880206	1.000000	0.011308	14178.000000	0.358674
2.239278	1.000000	0.014990	13097.000000	0.626606
3.726785	1.000000	0.004867	12761.000000	1.373254
2.394950	1.000000	0.008642	14739.000000	0.642419
2.541960	1.000000	0.011809	11972.000000	2.181109
3.370426	1.000000	0.010831	11117.000000	0.874374
2.517352	1.000000	0.008746	12016.000000	1.138113
3.156811	1.000000	0.007679	15461.000000	1.950014
1.683388	1.000000	0.008409	14934.000000	6.848129
1.834466	1.000000	0.008816	13494.000000	0.321864
3.893414	1.000000	0.011372	13499.000000	0.277630
2.740845	1.000000	0.008968	15191.000000	1.926449
2.584095	1.000000	0.010874	13999.000000	1.696868
3.323724	1.000000	0.019349	12381.000000	3.143419
4.304691	1.000000	0.008485	13881.000000	2.831779
2.860876	1.000000	0.003853	13231.000000	0.506294
3.362904	1.000000	0.009205	14881.000000	0.644284
3.659072	1.000000	0.008587	13460.000000	2.066453
3.652983	1.000000	0.014433	15449.000000	0.411985
1.822969	1.000000	0.007439	12435.000000	0.154217
3.723308	1.000000	0.008858	15603.000000	2.210137
2.990562	1.000000	0.015275	12510.000000	0.505433
2.787530	1.000000	0.014598	13850.000000	0.165649
3.642483	1.000000	0.011216	12342.000000	0.911847
4.412538	1.000000	0.008172	14465.000000	1.597539
3.318298	1.000000	0.005557	13098.000000	1.756692
3.985534	1.000000	0.007308	12467.000000	0.635289
2.736962	1.000000	0.010715	15440.000000	0.716264
2.405685	1.000000	0.009338	12270.000000	4.161914
3.682747	1.000000	0.008683	12119.000000	0.272769
3.383914	1.000000	0.006054	11111.000000	1.558012
2.377740	1.000000	0.014033	13552.000000	1.083819
3.440425	1.000000	0.011738	13744.000000	0.864520
3.389502	1.000000	0.009790	15074.000000	0.517817
3.712601	1.000000	0.016652	13739.000000	1.459347
2.732878	1.000000	0.008090	13844.000000	6.746531
3.151291	1.000000	0.010436	12102.000000	0.466883
2.240692	1.000000	0.012664	12721.000000	2.980204
2.822746	1.000000	0.010209	11205.000000	0.476289
4.179762	1.000000	0.010638	15271.000000	0.501579
3.166921	1.000000	0.008230	13968.000000	3.460045
3.401389	1.000000	0.008856	16279.000000	1.569741
2.137518	1.000000	0.009072	15995.000000	0.102631
3.248381	1.000000	0.009343	14736.000000	1.031157
2.788657	1.000000	0.009253	11860.000000	2.828607
2.274647	1.000000	0.012045	13098.000000	1.772483
4.704222	1.000000	0.011280	14879.000000	1.779313
2.620826	1.000000	0.010869	11888.000000	0.760807
3.290484	1.000000	0.012827	12622.000000	0.825439
4.087747	1.000000	0.010622	14360.000000	1.169345
3.729506	1.000000	0.010866	11899.000000	3.529532
2.984492	1.000000	0.012456	12982.000000	0.573651
3.231134	1.000000	0.008343	13136.000000	1.355921
1.950451	1.000000	0.018750	14275.000000	1.660260
3.202065	1.000000	0.008810	14209.000000	1.493922
3.069841	1.000000	0.009584	13356.000000	1.205703
2.432239	1.000000	0.010123	10975.000000	0.355022
4.282770	1.000000	0.010441	11961.000000	0.520481
3.961402	1.000000	0.011442	11847.000000	1.332297
3.892384	1.000000	0.009120	12449.000000	0.646559
4.203967	1.000000	0.008775	13715.000000	0.206407
3.602894	1.000000	0.009384	13255.000000	0.440056
3.911395	1.000000	0.007987	12736.000000	14.055835
2.332006	1.000000	0.013269	13709.000000	2.008630
3.727241	1.000000	0.010608	14102.000000	1.055013
3.522959	1.000000	0.011319	14956.000000	0.992470
2.520320	1.000000	0.012266	13040.000000	0.203193
3.028291	1.000000	0.009407	10390.000000	0.783523
2.850224	1.000000	0.009613	13363.000000	0.405227
3.625241	1.000000	0.005964	15436.000000	0.145354
3.402686	1.000000	0.008094	11747.000000	2.339218
3.071898	1.000000	0.008594	14146.000000	1.012637
4.439529	1.000000	0.010017	14902.000000	1.651074
1.450414	1.000000	0.010850	11226.000000	1.580093
3.944878	1.000000	0.010549	13201.000000	0.549497
3.073169	1.000000	0.006689	12548.000000	0.747657
2.865905	1.000000	0.010246	13422.000000	0.416883
2.726184	1.000000	0.010359	14954.000000	0.704935
3.310020	1.000000	0.012461	13918.000000	3.051048
4.714147	1.000000	0.014223	12993.000000	2.007092
2.074143	1.000000	0.008200	12471.000000	2.271599
3.804036	1.000000	0.010354	13451.000000	0.232279
2.978426	1.000000	0.008057	13139.000000	6.774814
4.381291	1.000000	0.012021	13701.000000	6.017914
2.064849	1.000000	0.006925	12543.000000	5.098027
2.962168	1.000000	0.010341	15256.000000	1.416637
4.426601	1.000000	0.008089	11363.000000	0.566301
2.868977	1.000000	0.012352	13909.000000	5.973132
2.725655	1.000000	0.010496	11430.000000	0.805124
2.233968	1.000000	0.016194	13886.000000	0.324391
3.490108	1.000000	0.005794	13617.000000	0.666083
2.603608	1.000000	0.012656	11553.000000	2.202101
4.016192	1.000000	0.008652	11744.000000	0.939904
3.603103	1.000000	0.008169	11805.000000	0.554313
2.427537	1.000000	0.009657	13406.000000	0.369784
3.480634	1.000000	0.011546	11816.000000	2.919233
2.516198	1.000000	0.007840	12651.000000	0.780932
3.900394	1.000000	0.017077	16248.000000	0.566373
2.340900	1.000000	0.007524	13065.000000	3.702119
5.580506	1.000000	0.012410	13454.000000	0.905621
2.130726	1.000000	0.013404	13900.000000	5.452955
2.920659	1.000000	0.009731	14257.000000	1.144587
1.984009	1.000000	0.007844	13172.000000	1.355575
3.226606	1.000000	0.008260	14752.000000	0.573518
3.413800	1.000000	0.010363	14484.000000	0.870760
3.688078	1.000000	0.007160	14328.000000	0.605602
2.977493	1.000000	0.009471	11488.000000	0.758030
3.074211	1.000000	0.009348	14031.000000	0.947474
2.801238	1.000000	0.009451	13047.000000	0.613144
3.068233	1.000000	0.012025	13121.000000	3.458239
3.235092	1.000000	0.011439	13114.000000	2.557599
3.146927	1.000000	0.009564	11647.000000	3.642313
3.005362	1.000000	0.013884	16198.000000	0.419883
3.087061	1.000000	0.009601	12581.000000	0.375878
2.414607	1.000000	0.009014	12499.000000	0.845551
2.552566	1.000000	0.007032	13098.000000	0.225068
2.490022	1.000000	0.010453	12866.000000	0.605628
2.627399	1.000000	0.007137	15074.000000	1.942516
3.360686	1.000000	0.006637	12040.000000	0.144737
2.612154	1.000000	0.012590	14098.000000	1.692190
3.436864	1.000000	0.009276	11551.000000	0.939336
2.501516	1.000000	0.006561	16393.000000	2.550282
2.356425	1.000000	0.010677	14945.000000	0.544709
3.683497	1.000000	0.010887	13473.000000	5.998987
2.599766	1.000000	0.012169	12107.000000	1.373168
3.729062	1.000000	0.012586	13929.000000	0.481487
2.289877	1.000000	0.007968	12549.000000	0.057858
2.247070	1.000000	0.011358	14550.000000	0.361480
2.773974	1.000000	0.008295	12013.000000	2.165495
3.209568	1.000000	0.007934	13786.000000	0.758066
2.070633	1.000000	0.013903	16391.000000	1.444715
2.420795	1.000000	0.007400	15158.000000	5.329186
2.810622	1.000000	0.011688	11482.000000	0.121603
2.891119	1.000000	0.013305	16274.000000	5.791261
4.310817	1.000000	0.012282	13536.000000	2.872356
2.189260	1.000000	0.008596	15204.000000	1.578457
2.404590	1.000000	0.007701	13648.000000	0.148912
3.883225	1.000000	0.010421	12350.000000	1.550350
2.132626	1.000000	0.008977	14047.000000	3.045666
2.225270	1.000000	0.007903	13010.000000	0.979906
2.933792	1.000000	0.007950	13527.000000	4.231811
5.314084	1.000000	0.006381	13941.000000	1.963652
2.923388	1.000000	0.009984	13329.000000	7.487158
2.761778	1.000000	0.012929	10358.000000	2.363670
3.857047	1.000000	0.008900	15643.000000	0.575587
2.536839	1.000000	0.010401	11995.000000	3.378271
2.084116	1.000000	0.010152	13483.000000	0.391290
2.327153	1.000000	0.011814	12987.000000	1.192019
3.483377	1.000000	0.009169	13144.000000	0.538762
2.132299	1.000000	0.006568	13978.000000	1.373391
2.181809	1.000000	0.009692	11863.000000	1.838984
3.649576	1.000000	0.007569	14571.000000	8.271500
5.114371	1.000000	0.006040	12584.000000	1.419823
1.878011	1.000000	0.008344	12493.000000	0.774296
3.808201	1.000000	0.011620	12890.000000	0.333565
4.791753	1.000000	0.007408	14011.000000	1.273773
7.115265	1.000000	0.011840	11079.000000	0.806402
2.437668	1.000000	0.007302	15160.000000	2.459266
2.398246	1.000000	0.009866	15720.000000	0.609674
2.627566	1.000000	0.008367	13560.000000	0.337623
1.661169	1.000000	0.012119	12149.000000	0.370984
4.740473	1.000000	0.008424	14927.000000	0.354586
4.069212	1.000000	0.014307	13403.000000	3.540476
2.849797	1.000000	0.011512	13621.000000	0.964801
2.300056	1.000000	0.010681	13842.000000	0.189394
3.871447	1.000000	0.012356	12298.000000	6.747157
1.858054	1.000000	0.008257	11850.000000	0.201668
3.255557	1.000000	0.008860	12516.000000	0.785346
3.940023	1.000000	0.008632	15124.000000	1.291526
1.794158	1.000000	0.007990	14503.000000	0.599843
4.994605	1.000000	0.012553	12559.000000	1.232971
1.912679	1.000000	0.006545	12224.000000	1.991467
2.383619	1.000000	0.008456	12914.000000	5.091700
2.969342	1.000000	0.012077	12958.000000	1.278123
3.385841	1.000000	0.012424	13701.000000	0.755748
1.887562	1.000000	0.008091	12762.000000	1.520367
2.087786	1.000000	0.008541	16098.000000	2.162790
3.073829	1.000000	0.008673	12501.000000	0.255528
4.019330	1.000000	0.005838	16136.000000	0.640529
2.853255	1.000000	0.010083	15191.000000	3.105002
2.471846	1.000000	0.006839	12395.000000	0.809637
2.355127	1.000000	0.012869	13659.000000	0.374438
2.951168	1.000000	0.011747	14653.000000	0.964315
3.554855	1.000000	0.011900	14497.000000	0.662550
3.400926	1.000000	0.010398	13884.000000	1.418670
1.753801	1.000000	0.010872	14560.000000	4.376671
4.093179	1.000000	0.011079	12044.000000	2.039878
2.971283	1.000000	0.014419	11327.000000	1.940481
2.454815	1.000000	0.011308	13647.000000	2.927303
2.728936	1.000000	0.010346	14072.000000	1.874041
1.924143	1.000000	0.018148	14182.000000	0.245245
3.999742	1.000000	0.017705	14467.000000	1.138524
3.875020	1.000000	0.016333	13044.000000	1.210718
3.471839	1.000000	0.011291	13609.000000	0.206306
3.075365	1.000000	0.009346	13242.000000	1.086963
4.442982	1.000000	0.009603	12870.000000	1.420553
3.738751	1.000000	0.008500	15383.000000	0.694004
3.473802	1.000000	0.010432	13340.000000	3.569296
2.124952	1.000000	0.010520	12971.000000	0.410383
2.792421	1.000000	0.009337	12711.000000	0.509466
2.587562	1.000000	0.006283	12705.000000	3.057370
3.569470	1.000000	0.007506	17269.000000	1.067897
2.024483	1.000000	0.016377	11737.000000	2.552602
3.699308	1.000000	0.013306	15204.000000	0.365149
3.793467	1.000000	0.017309	14681.000000	0.405360
2.541807	1.000000	0.009745	12627.000000	1.451239
2.239533	1.000000	0.011038	11338.000000	0.809031
2.654471	1.000000	0.011561	12642.000000	7.277974
3.690078	1.000000	0.007921	15441.000000	0.505700
3.211218	1.000000	0.011915	14893.000000	0.384097
2.324116	1.000000	0.010796	13632.000000	0.556208
2.377958	1.000000	0.011177	14620.000000	1.069726
2.645652	1.000000	0.006778	12700.000000	3.155732
2.438292	1.000000	0.013895	12200.000000	0.326580
2.421185	1.000000	0.008633	11442.000000	2.024782
2.217256	1.000000	0.016328	14418.000000	2.501623
3.213081	1.000000	0.012085	11578.000000	1.237945
4.175399	1.000000	0.007324	14313.000000	2.638443
4.347264	1.000000	0.009049	15650.000000	2.302429
3.263279	1.000000	0.010109	13849.000000	0.247032
4.357031	1.000000	0.006789	12411.000000	0.715579
3.280274	1.000000	0.008001	14378.000000	1.154618
2.916436	1.000000	0.007776	14475.000000	0.555397
3.610373	1.000000	0.010041	13363.000000	0.547173
3.781045	1.000000	0.012185	12577.000000	0.185893
3.554702	1.000000	0.011203	13554.000000	1.720039
2.042243	1.000000	0.009955	13776.000000	1.562452
1.989742	1.000000	0.011280	13122.000000	0.147109
2.379075	1.000000	0.011776	12757.000000	3.945183
1.861847	1.000000	0.012660	11302.000000	0.391832
2.639469	1.000000	0.008384	11664.000000	2.081727
4.914109	1.000000	0.008558	12302.000000	3.159000
2.758588	1.000000	0.011174	12893.000000	1.338974
2.650518	1.000000	0.009812	13169.000000	2.361968
3.501332	1.000000	0.011684	15511.000000	2.020778
3.866172	1.000000	0.009564	11620.000000	1.805932
3.883423	1.000000	0.009287	12902.000000	1.108955
2.124864	1.000000	0.006289	13149.000000	5.600664
2.912926	1.000000	0.008381	11998.000000	0.926690
3.825533	1.000000	0.006984	12594.000000	1.643304
4.212600	1.000000	0.014766	13422.000000	1.111675
3.693659	1.000000	0.007868	15012.000000	1.845321
3.045838	1.000000	0.010445	15954.000000	0.617767
2.070820	1.000000	0.010564	11319.000000	0.569223
2.130070	1.000000	0.006353	12603.000000	2.533099
3.296106	1.000000	0.015953	15118.000000	1.668882
1.829625	1.000000	0.007191	15385.000000	0.298425
2.992101	1.000000	0.011466	13464.000000	0.649916
2.367967	1.000000	0.008681	12401.000000	1.319720
3.999712	1.000000	0.013719	15503.000000	2.106873
2.412676	1.000000	0.006577	15101.000000	2.105695
3.109055	1.000000	0.011131	10967.000000	0.110186
3.960115	1.000000	0.009203	13063.000000	2.997492
3.558260	1.000000	0.009223	13494.000000	2.982999
2.784248	1.000000	0.013250	13241.000000	2.100652
2.782695	1.000000	0.009823	13681.000000	4.129161
2.596526	1.000000	0.007991	11960.000000	2.425930
3.512534	1.000000	0.011417	15026.000000	1.233497
2.227514	1.000000	0.009462	12807.000000	0.468042
2.752252	1.000000	0.011065	13395.000000	0.398147
1.793005	1.000000	0.010709	13538.000000	0.734467
2.243955	1.000000	0.009106	12543.000000	1.464552
3.370202	1.000000	0.009644	14555.000000	0.411341
2.646491	1.000000	0.010117	11988.000000	0.451066
2.191826	1.000000	0.010045	12865.000000	0.316316
2.244377	1.000000	0.007354	11756.000000	1.010030
4.194830	1.000000	0.013106	15603.000000	0.560597
2.995232	1.000000	0.008300	14457.000000	0.717068
3.192250	1.000000	0.010486	12076.000000	1.181126
2.768765	1.000000	0.008153	11272.000000	0.647894
1.709322	1.000000	0.011940	12919.000000	2.826605
2.926048	1.000000	0.009978	11041.000000	0.218136
3.514624	1.000000	0.012932	12865.000000	1.509230
3.222530	1.000000	0.007810	14089.000000	0.937920
2.375419	1.000000	0.012126	12062.000000	0.938940
4.299041	1.000000	0.009345	12516.000000	0.711936
2.886883	1.000000	0.010635	13735.000000	1.496714
5.115758	1.000000	0.005353	14399.000000	2.375303
2.439573	1.000000	0.009094	11409.000000	0.401650
2.892964	1.000000	0.011307	13132.000000	0.237700
2.958676	1.000000	0.009984	15755.000000	0.288714
3.992346	1.000000	0.008640	13224.000000	0.823876
2.895626	1.000000	0.011395	13229.000000	1.377825
2.492489	1.000000	0.010890	12657.000000	1.701270
2.134478	1.000000	0.008574	12439.000000	1.084329
3.912035	1.000000	0.010446	12919.000000	14.587608
3.662548	1.000000	0.008400	11412.000000	3.580439
2.866618	1.000000	0.010770	14314.000000	3.951810
2.439257	1.000000	0.008455	14996.000000	0.862658
5.980897	1.000000	0.015065	12126.000000	2.216267
3.845419	1.000000	0.013385	13041.000000	0.815751
2.509935	1.000000	0.012835	15124.000000	0.516769
2.302972	1.000000	0.009106	14184.000000	1.225559
3.069103	1.000000	0.007099	13310.000000	3.193809
2.939908	1.000000	0.013753	13708.000000	0.920651
3.300510	1.000000	0.012031	13433.000000	0.538500
3.429491	1.000000	0.010017	15400.000000	1.393142
3.196041	1.000000	0.008848	15704.000000	0.253355
3.066267	1.000000	0.011623	15895.000000	0.361834
2.313722	1.000000	0.009823	15104.000000	0.542091
2.417865	1.000000	0.009122	12642.000000	2.017599
3.215720	1.000000	0.012639	11998.000000	0.761895
2.090467	1.000000	0.011288	10933.000000	1.659849
2.715628	1.000000	0.010066	15061.000000	0.759923
3.220027	1.000000	0.007753	13875.000000	0.190883
2.409381	1.000000	0.009177	13688.000000	0.085379
4.356637	1.000000	0.011233	14295.000000	2.204051
3.335611	1.000000	0.012359	13801.000000	0.292791
2.656092	1.000000	0.007778	13005.000000	0.767384
2.842728	1.000000	0.007901	15464.000000	1.197116
1.936628	1.000000	0.008651	15470.000000	0.745388
3.869985	1.000000	0.011823	13077.000000	1.244370
3.846989	1.000000	0.009289	13024.000000	0.457727
3.764697	1.000000	0.010783	15265.000000	1.287869
2.716355	1.000000	0.009562	13230.000000	0.953884
3.485396	1.000000	0.012267	14657.000000	0.302840
3.242788	1.000000	0.009966	12790.000000	1.344207
3.513791	1.000000	0.007040	16254.000000	2.796272
2.824312	1.000000	0.007048	14776.000000	2.715543
2.538971	1.000000	0.007908	12863.000000	1.561555
3.335696	1.000000	0.010156	11884.000000	7.381862
1.811591	1.000000	0.013435	10845.000000	0.137503
2.648178	1.000000	0.010381	14543.000000	0.101406
2.117952	1.000000	0.005537	13018.000000	0.628886
1.980628	1.000000	0.010846	14986.000000	0.236552
4.779222	1.000000	0.013079	14656.000000	9.722800
4.154606	1.000000	0.008575	12214.000000	0.289118
3.217312	1.000000	0.011838	13535.000000	1.055585
4.322748	1.000000	0.009959	12492.000000	0.624174
2.539533	1.000000	0.008211	12694.000000	6.171677
2.317358	1.000000	0.009751	13156.000000	0.326447
3.593526	1.000000	0.012840	13991.000000	0.951388
3.543832	1.000000	0.008881	11873.000000	0.640569
2.143095	1.000000	0.013359	13383.000000	2.217278
3.420603	1.000000	0.013065	13532.000000	2.400925
2.440893	1.000000	0.011047	12608.000000	0.341397
2.857727	1.000000	0.012730	12395.000000	5.390848
3.122600	1.000000	0.013211	14736.000000	1.433150
1.886432	1.000000	0.008167	14439.000000	0.315135
2.744956	1.000000	0.016873	12871.000000	2.846529
3.103752	1.000000	0.012607	12741.000000	0.950738
3.058166	1.000000	0.013165	15561.000000	1.308703
2.656287	1.000000	0.016149	13791.000000	0.961153
5.512495	1.000000	0.007860	17017.000000	0.802747
2.734068	1.000000	0.009033	10717.000000	3.339585
2.337690	1.000000	0.012236	12765.000000	1.838590
2.084330	1.000000	0.011597	15561.000000	0.075856
2.461788	1.000000	0.010490	13819.000000	5.494353
2.951111	1.000000	0.013696	12240.000000	0.897469
4.173472	1.000000	0.009313	12867.000000	0.449913
2.271627	1.000000	0.011896	14555.000000	0.602939
2.815936	1.000000	0.008347	11967.000000	2.008887
3.110371	1.000000	0.006270	14134.000000	1.150841
3.025335	1.000000	0.006760	14473.000000	2.362749
3.877737	1.000000	0.011230	10892.000000	0.112219
3.165061	1.000000	0.010884	12881.000000	0.586628
3.574927	1.000000	0.015231	13713.000000	1.931056
3.168454	1.000000	0.013997	13197.000000	0.587540
2.882121	1.000000	0.011079	13012.000000	0.883913
2.245647	1.000000	0.009388	13233.000000	0.438893
2.705729	1.000000	0.007904	13164.000000	0.765067
2.362227	1.000000	0.008078	14182.000000	5.043341
2.880032	1.000000	0.010797	13983.000000	1.513984
2.863796	1.000000	0.008418	14322.000000	0.533515
1.637203	1.000000	0.009338	12893.000000	0.530211
2.953665	1.000000	0.012215	13998.000000	1.060743
3.588219	1.000000	0.009965	14195.000000	2.028110
3.484447	1.000000	0.011563	10397.000000	0.277006
2.872957	1.000000	0.007661	14825.000000	0.495625
2.320575	1.000000	0.008970	14556.000000	0.396728
3.169407	1.000000	0.010163	12404.000000	1.059511
4.628052	1.000000	0.017130	13698.000000	2.595071
3.784839	1.000000	0.013847	12047.000000	0.205026
3.554105	1.000000	0.007300	13428.000000	1.238047
3.948485	1.000000	0.011584	12011.000000	0.822776
2.773762	1.000000	0.009914	15013.000000	0.370819
2.510369	1.000000	0.010426	13184.000000	6.291227
3.651202	1.000000	0.006499	13018.000000	3.263186
2.608282	1.000000	0.007083	12042.000000	0.228391
3.404173	1.000000	0.010660	13736.000000	1.256212
3.092490	1.000000	0.011153	12192.000000	0.794835
2.479784	1.000000	0.008632	13849.000000	1.135025
2.439945	1.000000	0.009366	14456.000000	0.829502
2.904114	1.000000	0.008795	11861.000000	0.624402
4.035268	1.000000	0.011050	13553.000000	2.167616
4.991315	1.000000	0.011340	12628.000000	3.663915
2.626154	1.000000	0.011437	15382.000000	0.427921
4.238962	1.000000	0.009238	13725.000000	0.501503
4.232202	1.000000	0.006840	13483.000000	0.603960
3.150222	1.000000	0.006627	12891.000000	0.706612
5.935164	1.000000	0.008771	12583.000000	0.459927
2.127114	1.000000	0.009577	13002.000000	2.685829
3.961332	1.000000	0.008079	12054.000000	1.132392
2.863977	1.000000	0.008094	12858.000000	0.718930
3.227619	1.000000	0.009671	13436.000000	1.921843
3.472680	1.000000	0.011349	12527.000000	0.556935
3.251406	1.000000	0.011893	15528.000000	0.865147
3.866279	1.000000	0.006273	14079.000000	0.293276
3.394107	1.000000	0.009910	14065.000000	4.427618
2.965516	1.000000	0.011558	14523.000000	3.956220
2.277963	1.000000	0.008777	14946.000000	2.788487
3.646515	1.000000	0.014212	12494.000000	1.451713
3.261013	1.000000	0.011366	13681.000000	0.833337
2.134086	1.000000	0.009218	12352.000000	2.222554
2.493664	1.000000	0.007998	14699.000000	1.661033
4.338456	1.000000	0.006665	12711.000000	4.893294
2.509182	1.000000	0.009018	11312.000000	5.434584
2.647185	1.000000	0.013009	11716.000000	1.499083
3.120436	1.000000	0.010593	13030.000000	0.409499
2.048463	1.000000	0.009688	13255.000000	7.238689
2.688262	1.000000	0.007807	13531.000000	0.795495
4.920233	1.000000	0.012409	14004.000000	0.077484
3.626883	1.000000	0.010307	13321.000000	1.561353
2.527667	1.000000	0.006819	15091.000000	2.628742
3.483181	1.000000	0.012005	14408.000000	0.891315
3.004547	1.000000	0.009599	12447.000000	3.028942
3.074670	1.000000	0.010487	14545.000000	1.608906
1.893088	1.000000	0.011341	12334.000000	0.643616
3.528971	1.000000	0.007880	14847.000000	0.200805
4.198217	1.000000	0.010861	13346.000000	1.815948
2.773024	1.000000	0.008618	12781.000000	0.610199
3.134704	1.000000	0.008138	13566.000000	3.286107
2.024262	1.000000	0.012129	11186.000000	0.545959
3.557753	1.000000	0.014124	11671.000000	0.773524
2.120188	1.000000	0.008652	14864.000000	2.256424
3.185385	1.000000	0.011725	13095.000000	1.449965
3.366132	1.000000	0.009530	13680.000000	8.654353
3.731281	1.000000	0.009450	13050.000000	2.184673
1.906837	1.000000	0.007802	15909.000000	0.379435
4.698410	1.000000	0.015919	12483.000000	4.547849
2.790519	1.000000	0.008105	14681.000000	1.005795
2.436718	1.000000	0.007404	12896.000000	0.060735
2.743154	1.000000	0.008476	14456.000000	2.676751
3.220812	1.000000	0.011863	14320.000000	4.482236
3.920178	1.000000	0.011354	14811.000000	1.340599
2.558870	1.000000	0.007474	13864.000000	1.196449
4.055116	1.000000	0.012049	13693.000000	5.892588
2.083719	1.000000	0.008856	12187.000000	0.640474
2.806055	1.000000	0.009969	12782.000000	1.745436
4.705887	1.000000	0.012310	11980.000000	0.172744
2.246508	1.000000	0.018434	12632.000000	0.188508
3.175142	1.000000	0.010673	14995.000000	0.380003
2.614515	1.000000	0.014004	12937.000000	12.125991
2.785159	1.000000	0.013907	12774.000000	0.247099
3.541165	1.000000	0.008924	13927.000000	0.699351
3.047541	1.000000	0.014466	14088.000000	0.835683
3.417651	1.000000	0.007079	12195.000000	4.760072
3.335131	1.000000	0.015487	14325.000000	8.455265
3.314231	1.000000	0.008857	11193.000000	0.350798
2.830234	1.000000	0.008380	14891.000000	0.779259
2.935250	1.000000	0.007605	12734.000000	0.198165
5.217265	1.000000	0.009947	14335.000000	0.430722
2.151191	1.000000	0.005916	11872.000000	0.621741
2.847644	1.000000	0.008209	12696.000000	2.280512
3.190107	1.000000	0.012911	12586.000000	0.523601
2.685897	1.000000	0.009404	11948.000000	0.306530
2.900044	1.000000	0.012268	10981.000000	2.071750
2.993720	1.000000	0.009943	15437.000000	0.189512
3.499160	1.000000	0.013866	14250.000000	4.353057
2.835292	1.000000	0.006932	12521.000000	1.130185
3.563059	1.000000	0.008100	13111.000000	2.757982
2.868547	1.000000	0.009108	14922.000000	0.756429
3.566193	1.000000	0.004927	14181.000000	1.607589
3.202796	1.000000	0.011367	14235.000000	1.417244
2.218378	1.000000	0.009976	12026.000000	0.713397
3.714089	1.000000	0.012366	13652.000000	1.032440
2.687502	1.000000	0.006098	13312.000000	1.269613
4.385313	1.000000	0.011915	15074.000000	0.767964
2.644333	1.000000	0.010013	14371.000000	2.778359
2.658062	1.000000	0.008596	12729.000000	2.214760
2.634563	1.000000	0.014489	12513.000000	0.771829
3.991279	1.000000	0.007501	13006.000000	0.295599
2.263649	1.000000	0.012072	14575.000000	0.321256
2.202638	1.000000	0.011484	15826.000000	1.324404
2.179532	1.000000	0.008887	15452.000000	1.683562
4.555547	1.000000	0.008219	14918.000000	3.226680
3.254424	1.000000	0.012991	12110.000000	0.662678
3.828133	1.000000	0.010363	15045.000000	0.374141
2.224855	1.000000	0.016874	12808.000000	3.772273
2.890796	1.000000	0.007540	15620.000000	0.360204
2.946680	1.000000	0.011962	12340.000000	0.754683
3.213812	1.000000	0.010416	15226.000000	1.536851
3.175624	1.000000	0.012541	14700.000000	3.635815
3.405474	1.000000	0.006706	10888.000000	1.890302
2.913653	1.000000	0.007537	13550.000000	1.799201
5.459268	1.000000	0.008086	12841.000000	2.691926
5.450000	1.000000	0.013105	15055.000000	1.006900
4.895392	1.000000	0.011353	15291.000000	0.333679
3.169355	1.000000	0.014527	12199.000000	0.566597
3.439051	1.000000	0.010511	12927.000000	0.783960
3.094413	1.000000	0.008370	13726.000000	2.419526
2.284468	1.000000	0.007986	12577.000000	3.806461
2.173443	1.000000	0.008680	14191.000000	0.631992
3.652537	1.000000	0.008291	11259.000000	5.935189
3.817725	1.000000	0.008252	13311.000000	0.914726
2.173798	1.000000	0.010582	14553.000000	1.302404
4.394256	1.000000	0.012777	16099.000000	1.057646
3.685095	1.000000	0.011424	13800.000000	0.883408
2.636448	1.000000	0.012147	11908.000000	2.301673
2.449619	1.000000	0.010256	13566.000000	0.797263
2.572583	1.000000	0.015577	11515.000000	2.344259
3.084367	1.000000	0.011130	13862.000000	1.402740
2.969308	1.000000	0.010048	12711.000000	2.858855
2.072059	1.000000	0.010453	15819.000000	0.127509
3.464146	1.000000	0.005559	13681.000000	1.219367
4.098582	1.000000	0.006336	15354.000000	1.539219
3.601185	1.000000	0.010365	16084.000000	0.698332
5.564290	1.000000	0.007431	16314.000000	2.720882
2.260972	1.000000	0.008353	14756.000000	2.662918
2.733871	1.000000	0.017894	13902.000000	1.566517
4.520142	1.000000	0.012386	12643.000000	0.596998
1.951398	1.000000	0.013747	17227.000000	0.907018
3.102297	1.000000	0.008210	14307.000000	0.104610
2.931738	1.000000	0.011614	12132.000000	3.776455
3.197947	1.000000	0.007647	12645.000000	0.195339
3.367214	1.000000	0.007586	14716.000000	1.606298
3.034642	1.000000	0.012372	12167.000000	1.872907
4.210360	1.000000	0.013139	13846.000000	0.807713
2.459752	1.000000	0.012934	13948.000000	0.350847
1.959650	1.000000	0.010655	14126.000000	2.621468
3.336668	1.000000	0.008059	13467.000000	2.257057
2.475131	1.000000	0.011772	13318.000000	6.329247
2.815318	1.000000	0.008231	14450.000000	6.626626
3.103014	1.000000	0.009201	14436.000000	2.337034
3.212589	1.000000	0.007499	12319.000000	1.088112
2.613159	1.000000	0.013647	12398.000000	1.906847
2.212821	1.000000	0.008481	12886.000000	0.641414
2.716667	1.000000	0.012591	14950.000000	0.874725
2.193513	1.000000	0.015298	18284.000000	0.476546
2.823412	1.000000	0.009624	13770.000000	4.192639
4.076913	1.000000	0.007469	13205.000000	2.629445
2.292485	1.000000	0.010005	15210.000000	3.312898
2.950624	1.000000	0.014142	12517.000000	0.568455
3.549130	1.000000	0.010303	12576.000000	0.414773
2.554457	1.000000	0.010545	14376.000000	1.959037
5.812362	1.000000	0.008188	12980.000000	4.683466
1.919082	1.000000	0.013166	13104.000000	5.251901
4.510827	1.000000	0.009385	14299.000000	2.584171
2.503796	1.000000	0.010759	13889.000000	0.686206
3.349490	1.000000	0.008253	11574.000000	11.529247
2.834646	1.000000	0.009161	14854.000000	0.399102
3.018189	1.000000	0.010899	13177.000000	1.505130
2.620157	1.000000	0.008531	13946.000000	1.347893
2.953589	1.000000	0.008571	12493.000000	0.165124
3.852046	1.000000	0.009926	15130.000000	0.210468
2.797104	1.000000	0.009895	13045.000000	0.643324
4.644191	1.000000	0.013565	14338.000000	1.407468
3.577595	1.000000	0.005943	14436.000000	1.727114
3.227525	1.000000	0.005846	13048.000000	1.010029
3.054772	1.000000	0.008485	11511.000000	2.405865
2.501833	1.000000	0.011687	13023.000000	1.303566
3.180856	1.000000	0.010748	13083.000000	0.441276
2.965868	1.000000	0.009817	13985.000000	1.431176
3.139051	1.000000	0.011745	14735.000000	2.341256
3.128680	1.000000	0.009453	11430.000000	0.284919
2.624346	1.000000	0.007580	12466.000000	2.038544
2.613274	1.000000	0.009451	14904.000000	0.218034
2.975817	1.000000	0.013218	11950.000000	2.835568
3.255549	1.000000	0.010399	15128.000000	0.809153
4.879689	1.000000	0.015803	13176.000000	1.156617
2.375819	1.000000	0.011023	15060.000000	0.803066
2.070353	1.000000	0.009162	13742.000000	0.656753
2.689638	1.000000	0.010490	13837.000000	1.680667
2.828090	1.000000	0.010346	14309.000000	1.184728
4.892033	1.000000	0.005372	12006.000000	1.662883
2.506962	1.000000	0.007452	12445.000000	0.499607
2.827599	1.000000	0.013204	16345.000000	0.582207
2.413175	1.000000	0.016830	12932.000000	0.369678
4.445284	1.000000	0.014392	15894.000000	0.967378
2.619740	1.000000	0.011931	13799.000000	1.102984
2.887779	1.000000	0.011292	14054.000000	1.807078
2.342702	1.000000	0.009835	14049.000000	0.686248
3.251451	1.000000	0.014462	13254.000000	1.856532
2.402697	1.000000	0.015096	11837.000000	2.286961
2.249531	1.000000	0.010320	14781.000000	2.065504
2.623226	1.000000	0.015601	12899.000000	0.403669
3.738665	1.000000	0.011827	14617.000000	1.461615
2.637655	1.000000	0.009404	14314.000000	1.314054
2.805324	1.000000	0.013444	13240.000000	2.072625
5.345831	1.000000	0.012673	15764.000000	2.797595
2.401993	1.000000	0.008909	12493.000000	1.054106
3.353365	1.000000	0.009573	13247.000000	2.475934
2.384602	1.000000	0.007344	14070.000000	1.646878
2.736462	1.000000	0.009614	11930.000000	2.461719
3.778000	1.000000	0.009773	17783.000000	1.817926
2.987117	1.000000	0.008386	13264.000000	1.972622
4.058575	1.000000	0.010932	16077.000000	2.035471
2.843255	1.000000	0.009773	12282.000000	3.714018
3.004225	1.000000	0.010083	12828.000000	0.328849
3.003587	1.000000	0.014123	15175.000000	0.635081
2.593204	1.000000	0.006587	11829.000000	0.115623
3.129274	1.000000	0.013806	11956.000000	0.293145
2.661424	1.000000	0.008971	12849.000000	0.349705
2.669142	1.000000	0.009364	13130.000000	0.307144
3.711357	1.000000	0.011078	13959.000000	6.782964
2.554952	1.000000	0.011225	11770.000000	0.764683
4.293745	1.000000	0.009931	13982.000000	3.356705
2.275720	1.000000	0.008026	13240.000000	0.685149
2.786437	1.000000	0.010255	12338.000000	6.326871
2.681796	1.000000	0.006651	14887.000000	8.918539
6.117281	1.000000	0.012396	12203.000000	10.263004
4.486275	1.000000	0.010822	13236.000000	2.189551
4.602859	1.000000	0.013792	12292.000000	2.324632
3.035770	1.000000	0.006494	13892.000000	0.282706
3.835398	1.000000	0.014954	15810.000000	0.985988
2.860811	1.000000	0.011277	13724.000000	4.173423
2.807562	1.000000	0.010847	13095.000000	1.040900
2.508477	1.000000	0.007434	13748.000000	1.396444
2.431779	1.000000	0.010162	11859.000000	0.429714
2.820078	1.000000	0.009951	14429.000000	1.814934
2.573413	1.000000	0.010497	15369.000000	1.403833
2.682090	1.000000	0.009510	13147.000000	0.478666
2.311421	1.000000	0.009703	12810.000000	1.699204
3.175877	1.000000	0.012237	14207.000000	2.390415
3.299256	1.000000	0.011631	12786.000000	1.205571
2.196237	1.000000	0.009314	14188.000000	0.905085
3.676660	1.000000	0.011348	13649.000000	0.628175
2.541058	1.000000	0.009452	16339.000000	1.386552
4.416328	1.000000	0.011960	12928.000000	1.297813
4.893390	1.000000	0.009917	12530.000000	0.709088
3.779519	1.000000	0.013193	12099.000000	0.559446
3.039823	1.000000	0.008273	13415.000000	0.834840
4.079661	1.000000	0.006966	13656.000000	0.646984
3.527279	1.000000	0.009911	14540.000000	1.828081
2.308054	1.000000	0.012454	11957.000000	1.629875
3.225285	1.000000	0.013270	15963.000000	0.604097
2.882626	1.000000	0.008068	14256.000000	4.743088
3.726461	1.000000	0.011986	14420.000000	4.734269
3.429738	1.000000	0.010025	12858.000000	0.088216
2.719580	1.000000	0.007679	14111.000000	0.432054
2.587602	1.000000	0.010534	13548.000000	0.888004
2.639637	1.000000	0.009405	12890.000000	3.023474
3.127796	1.000000	0.011806	12541.000000	0.534284
3.002938	1.000000	0.008031	15281.000000	1.371842
2.657460	1.000000	0.011256	12437.000000	4.146717
5.630083	1.000000	0.006564	15724.000000	0.221593
2.051357	1.000000	0.008728	13499.000000	10.458218
3.020743	1.000000	0.013562	14426.000000	1.110068
3.114892	1.000000	0.013753	13969.000000	0.207823
2.568692	1.000000	0.009502	14204.000000	1.036733
2.597718	1.000000	0.013256	12223.000000	0.958294
2.711007	1.000000	0.008069	14084.000000	1.631649
2.884671	1.000000	0.011279	11412.000000	0.454899
3.798465	1.000000	0.007768	12990.000000	0.780002
4.403863	1.000000	0.008550	13877.000000	0.407259
2.982818	1.000000	0.013833	15164.000000	0.228923
3.071749	1.000000	0.007715	13258.000000	0.612057
3.812947	1.000000	0.011454	14369.000000	0.456281
2.498928	1.000000	0.009730	14221.000000	3.386607
2.033549	1.000000	0.009933	13400.000000	5.560659
3.520836	1.000000	0.019118	13845.000000	1.039205
2.566288	1.000000	0.012587	16599.000000	0.941975
2.464997	1.000000	0.010654	12841.000000	0.819673
2.776604	1.000000	0.006606	12986.000000	1.418178
3.010386	1.000000	0.010143	11812.000000	0.419040
3.388890	1.000000	0.011262	13477.000000	1.662673
2.677961	1.000000	0.007378	12251.000000	1.847888
3.262853	1.000000	0.011535	13980.000000	12.748144
1.681445	1.000000	0.008733	15859.000000	0.641657
2.723176	1.000000	0.012142	13844.000000	2.292909
2.826044	1.000000	0.013895	12155.000000	1.259510
1.753711	1.000000	0.009049	17217.000000	0.688993
3.163937	1.000000	0.007288	13460.000000	0.320479
3.037427	1.000000	0.010962	13114.000000	0.181719
2.428292	1.000000	0.014814	12328.000000	1.285855
3.517910	1.000000	0.007230	12296.000000	0.574727
2.210109	1.000000	0.011250	12851.000000	0.430050
2.741286	1.000000	0.009257	13094.000000	0.956004
4.534250	1.000000	0.009137	12710.000000	2.972971
2.559854	1.000000	0.014392	11505.000000	0.971626
2.847813	1.000000	0.011304	11056.000000	0.850259
2.721022	1.000000	0.015821	10517.000000	0.779701
3.892581	1.000000	0.009987	14824.000000	1.812861
2.558000	1.000000	0.011566	12978.000000	1.629488
3.011885	1.000000	0.009900	15545.000000	0.285384
3.036903	1.000000	0.011629	14648.000000	1.223039
3.047000	1.000000	0.013104	14645.000000	0.278919
2.157463	1.000000	0.009195	13208.000000	0.805880
3.067058	1.000000	0.011312	12638.000000	0.466168
2.563145	1.000000	0.007604	13104.000000	3.039857
3.909474	1.000000	0.010480	13292.000000	0.714689
2.383664	1.000000	0.009459	16734.000000	1.492712
3.484409	1.000000	0.009968	14798.000000	1.657627
3.241568	1.000000	0.006070	12386.000000	2.130837
4.511925	1.000000	0.011615	14277.000000	0.915487
2.555297	1.000000	0.009722	14166.000000	0.688969
4.291233	1.000000	0.009221	13258.000000	2.420315
4.053360	1.000000	0.008750	12854.000000	0.619559
3.756368	1.000000	0.008954	13342.000000	0.806453
4.161700	1.000000	0.006079	13920.000000	0.152459
2.309342	1.000000	0.006607	12474.000000	0.763532
3.456066	1.000000	0.008469	11232.000000	1.319649
3.586866	1.000000	0.015697	15230.000000	0.876702
3.603926	1.000000	0.015585	15071.000000	0.370577
2.136315	1.000000	0.012258	12830.000000	0.464337
3.307628	1.000000	0.007524	10771.000000	0.491135
1.795108	1.000000	0.011821	11884.000000	1.569315
3.399451	1.000000	0.006289	14763.000000	1.668331
4.297693	1.000000	0.011867	14244.000000	0.948123
3.318045	1.000000	0.013691	14045.000000	0.961691
3.827536	1.000000	0.009369	15398.000000	0.348296
2.656044	1.000000	0.009645	13369.000000	2.603651
2.258119	1.000000	0.011849	13813.000000	0.892185
3.608567	1.000000	0.009168	16430.000000	1.246021
3.186332	1.000000	0.014883	13516.000000	0.569989
3.581003	1.000000	0.015766	12953.000000	1.301904
3.222719	1.000000	0.008379	12937.000000	1.357169
2.802288	1.000000	0.009672	14270.000000	0.537646
3.969180	1.000000	0.012507	14371.000000	0.197008
3.322319	1.000000	0.008366	12390.000000	0.385688
3.182032	1.000000	0.013012	13656.000000	1.988006
2.281131	1.000000	0.007183	11163.000000	5.087478
2.621360	1.000000	0.008844	12414.000000	0.161936
3.324436	1.000000	0.011212	11551.000000	1.765577
2.326197	1.000000	0.011465	13453.000000	0.482558
3.015650	1.000000	0.008930	11679.000000	2.478875
2.373184	1.000000	0.009097	11384.000000	1.367104
3.278398	1.000000	0.010119	11597.000000	0.364297
3.341756	1.000000	0.008801	11179.000000	0.383501
2.838617	1.000000	0.013346	14766.000000	0.173630
2.591647	1.000000	0.006473	12923.000000	2.184593
5.752932	1.000000	0.007087	12885.000000	1.326047
2.509042	1.000000	0.006292	14364.000000	1.646100
2.615913	1.000000	0.010241	14497.000000	0.725380
2.328586	1.000000	0.009161	13263.000000	3.354864
2.630426	1.000000	0.011176	11404.000000	1.226521
4.067786	1.000000	0.007816	13191.000000	1.703000
3.263529	1.000000	0.006939	15111.000000	1.029631
2.616900	1.000000	0.008211	10730.000000	5.245390
3.183423	1.000000	0.005659	14993.000000	3.571886
1.629973	1.000000	0.007562	12036.000000	1.418573
2.226845	1.000000	0.011430	10482.000000	1.668899
2.914713	1.000000	0.010099	13339.000000	3.783221
2.704624	1.000000	0.008710	13477.000000	3.120585
2.808376	1.000000	0.009160	13059.000000	1.898327
3.036067	1.000000	0.014485	12680.000000	1.841512
3.267185	1.000000	0.008606	13826.000000	1.482902
2.557610	1.000000	0.008651	12892.000000	0.505926
4.214084	1.000000	0.007792	14854.000000	0.953808
1.906259	1.000000	0.007829	12043.000000	1.957216
2.011844	1.000000	0.007396	12155.000000	0.710110
3.641746	1.000000	0.012160	13961.000000	2.051217
3.376036	1.000000	0.010354	14371.000000	0.349397
3.542941	1.000000	0.013584	13019.000000	1.232703
2.165670	1.000000	0.011890	12991.000000	3.898376
3.186333	1.000000	0.013647	15926.000000	1.110097
3.531064	1.000000	0.010569	15199.000000	0.276202
4.321396	1.000000	0.011370	12880.000000	2.116035
3.915532	1.000000	0.012005	14514.000000	6.267443
2.598216	1.000000	0.011422	15617.000000	1.521909
2.818832	1.000000	0.006350	13554.000000	0.189146
3.191562	1.000000	0.013042	12957.000000	0.513317
2.061638	1.000000	0.011256	11761.000000	10.945084
2.326121	1.000000	0.011869	14658.000000	0.242767
3.387995	1.000000	0.007312	12916.000000	0.952828
4.045530	1.000000	0.010554	14902.000000	2.472407
4.856344	1.000000	0.011080	14254.000000	4.845529
3.392312	1.000000	0.014064	12162.000000	1.494367
3.485129	1.000000	0.010885	13810.000000	5.812709
3.143272	1.000000	0.011397	12427.000000	0.072066
3.339730	1.000000	0.014888	12812.000000	1.054561
4.066957	1.000000	0.009477	14428.000000	0.299077
2.738095	1.000000	0.009840	15065.000000	0.401726
3.720964	1.000000	0.010497	11364.000000	3.993247
3.001098	1.000000	0.010678	13421.000000	0.218905
2.651513	1.000000	0.010327	16558.000000	1.088254
2.773002	1.000000	0.010683	13384.000000	0.593638
3.872062	1.000000	0.009222	13415.000000	3.212714
5.141841	1.000000	0.008020	13149.000000	1.145375
6.071873	1.000000	0.008215	10709.000000	0.076461
2.973112	1.000000	0.010568	12208.000000	0.851084
2.221581	1.000000	0.010352	13110.000000	0.381102
3.324160	1.000000	0.009654	14059.000000	0.595334
2.534052	1.000000	0.014190	13992.000000	0.677734
2.947508	1.000000	0.011462	13925.000000	0.397733
4.551847	1.000000	0.007523	13767.000000	2.776770
3.659582	1.000000	0.009733	12985.000000	4.498861
2.700051	1.000000	0.013759	13267.000000	0.706057
2.760353	1.000000	0.008526	15008.000000	1.367958
3.654750	1.000000	0.012026	13325.000000	0.721984
3.175661	1.000000	0.006750	13956.000000	4.096323
3.608299	1.000000	0.010656	14608.000000	0.536287
3.761335	1.000000	0.005784	15856.000000	0.271960
3.757761	1.000000	0.009248	14126.000000	0.835616
2.288038	1.000000	0.012806	14025.000000	0.383958
2.554833	1.000000	0.006790	12020.000000	1.295554
4.290069	1.000000	0.010097	12318.000000	0.423391
2.446226	1.000000	0.015958	15448.000000	1.151287
2.467979	1.000000	0.011236	13055.000000	0.654535
2.839080	1.000000	0.011424	13957.000000	0.098197
5.648363	1.000000	0.009547	12552.000000	0.561904
3.235294	1.000000	0.008022	12920.000000	2.009195
3.435208	1.000000	0.006232	14275.000000	2.485948
2.278872	1.000000	0.010791	13826.000000	5.754476
3.413880	1.000000	0.010580	12801.000000	8.374974
2.458940	1.000000	0.009510	11604.000000	0.572841
1.720907	1.000000	0.010034	14281.000000	0.799443
2.930981	1.000000	0.010867	14563.000000	0.752708
3.376156	1.000000	0.010148	14769.000000	2.979515
3.760697	1.000000	0.009519	13381.000000	0.457322
2.558647	1.000000	0.009759	16172.000000	0.303427
2.812210	1.000000	0.018855	11648.000000	4.023073
2.818217	1.000000	0.009550	15019.000000	0.128258
3.387609	1.000000	0.008677	13456.000000	1.912087
2.145179	1.000000	0.010259	14289.000000	0.758079
3.705447	1.000000	0.007994	14853.000000	1.908090
2.130956	1.000000	0.008593	11106.000000	0.573629
2.457291	1.000000	0.010037	12533.000000	3.878755
2.769466	1.000000	0.010433	13586.000000	0.193325
2.339813	1.000000	0.008822	14008.000000	0.851989
2.534416	1.000000	0.007570	15082.000000	0.126085
3.644043	1.000000	0.010234	10648.000000	0.549666
3.051518	1.000000	0.007875	13586.000000	1.253064
2.086944	1.000000	0.006845	12958.000000	0.244979
3.095502	1.000000	0.005363	13820.000000	1.945677
2.856839	1.000000	0.012095	13340.000000	0.372284
2.745783	1.000000	0.008326	12213.000000	8.328634
4.001108	1.000000	0.010701	12858.000000	0.239950
2.287006	1.000000	0.007569	15565.000000	1.309789
